
Decoded Machine Instructions:
("factorial.plmc")
------------------
Line   OP   R  L  M
0      JMP  0  0  1  
1      INC  0  0  8  
2      SIO  0  0  0  
3      STO  0  0  5  
4      LIT  0  0  1  
5      STO  0  0  6  
6      LIT  0  0  2  
7      STO  0  0  4  
8      LIT  0  0  1  
9      NEG  0  0  0  
10     STO  0  0  7  
11     LOD  0  0  5  
12     LIT  1  0  0  
13     LSS  0  0  1  
14     JPC  0  0  17 
15     LOD  0  0  7  
16     SIO  0  0  0  
17     LOD  0  0  5  
18     LIT  1  0  0  
19     GEQ  0  0  1  
20     JPC  0  0  36 
21     LOD  0  0  4  
22     LOD  1  0  5  
23     LEQ  0  0  1  
24     JPC  0  0  34 
25     LOD  0  0  4  
26     LOD  1  0  6  
27     MUL  0  0  1  
28     STO  0  0  6  
29     LOD  0  0  4  
30     LIT  1  0  1  
31     ADD  0  0  1  
32     STO  0  0  4  
33     JMP  0  0  21 
34     LOD  0  0  6  
35     SIO  0  0  0  
36     SIO  0  0  3  


VM State Log:
-------------
                      PC   BP    SP    REGISTERS
Initial values        0     1     0    0  0  0  0  0  0  0  0
Stack: 

0    JMP  0  0  1     1     1     0    0  0  0  0  0  0  0  0
Stack: 

1    INC  0  0  8     2     1     8    0  0  0  0  0  0  0  0
Stack: 0  0  0  0  0  0  0  0

PL/0 VM: Input integer = 6

2    SIO  0  0  0     3     1     8    6  0  0  0  0  0  0  0
Stack: 0  0  0  0  0  0  0  0

3    STO  0  0  5     4     1     8    6  0  0  0  0  0  0  0
Stack: 0  0  0  0  0  6  0  0

4    LIT  0  0  1     5     1     8    1  0  0  0  0  0  0  0
Stack: 0  0  0  0  0  6  0  0

5    STO  0  0  6     6     1     8    1  0  0  0  0  0  0  0
Stack: 0  0  0  0  0  6  1  0

6    LIT  0  0  2     7     1     8    2  0  0  0  0  0  0  0
Stack: 0  0  0  0  0  6  1  0

7    STO  0  0  4     8     1     8    2  0  0  0  0  0  0  0
Stack: 0  0  0  0  2  6  1  0

8    LIT  0  0  1     9     1     8    1  0  0  0  0  0  0  0
Stack: 0  0  0  0  2  6  1  0

9    NEG  0  0  0     10    1     8    -1  0  0  0  0  0  0  0
Stack: 0  0  0  0  2  6  1  0

10   STO  0  0  7     11    1     8    -1  0  0  0  0  0  0  0
Stack: 0  0  0  0  2  6  1  -1

11   LOD  0  0  5     12    1     8    6  0  0  0  0  0  0  0
Stack: 0  0  0  0  2  6  1  -1

12   LIT  1  0  0     13    1     8    6  0  0  0  0  0  0  0
Stack: 0  0  0  0  2  6  1  -1

13   LSS  0  0  1     14    1     8    0  0  0  0  0  0  0  0
Stack: 0  0  0  0  2  6  1  -1

14   JPC  0  0  17    17    1     8    0  0  0  0  0  0  0  0
Stack: 0  0  0  0  2  6  1  -1

17   LOD  0  0  5     18    1     8    6  0  0  0  0  0  0  0
Stack: 0  0  0  0  2  6  1  -1

18   LIT  1  0  0     19    1     8    6  0  0  0  0  0  0  0
Stack: 0  0  0  0  2  6  1  -1

19   GEQ  0  0  1     20    1     8    1  0  0  0  0  0  0  0
Stack: 0  0  0  0  2  6  1  -1

20   JPC  0  0  36    21    1     8    1  0  0  0  0  0  0  0
Stack: 0  0  0  0  2  6  1  -1

21   LOD  0  0  4     22    1     8    2  0  0  0  0  0  0  0
Stack: 0  0  0  0  2  6  1  -1

22   LOD  1  0  5     23    1     8    2  6  0  0  0  0  0  0
Stack: 0  0  0  0  2  6  1  -1

23   LEQ  0  0  1     24    1     8    1  6  0  0  0  0  0  0
Stack: 0  0  0  0  2  6  1  -1

24   JPC  0  0  34    25    1     8    1  6  0  0  0  0  0  0
Stack: 0  0  0  0  2  6  1  -1

25   LOD  0  0  4     26    1     8    2  6  0  0  0  0  0  0
Stack: 0  0  0  0  2  6  1  -1

26   LOD  1  0  6     27    1     8    2  1  0  0  0  0  0  0
Stack: 0  0  0  0  2  6  1  -1

27   MUL  0  0  1     28    1     8    2  1  0  0  0  0  0  0
Stack: 0  0  0  0  2  6  1  -1

28   STO  0  0  6     29    1     8    2  1  0  0  0  0  0  0
Stack: 0  0  0  0  2  6  2  -1

29   LOD  0  0  4     30    1     8    2  1  0  0  0  0  0  0
Stack: 0  0  0  0  2  6  2  -1

30   LIT  1  0  1     31    1     8    2  1  0  0  0  0  0  0
Stack: 0  0  0  0  2  6  2  -1

31   ADD  0  0  1     32    1     8    3  1  0  0  0  0  0  0
Stack: 0  0  0  0  2  6  2  -1

32   STO  0  0  4     33    1     8    3  1  0  0  0  0  0  0
Stack: 0  0  0  0  3  6  2  -1

33   JMP  0  0  21    21    1     8    3  1  0  0  0  0  0  0
Stack: 0  0  0  0  3  6  2  -1

21   LOD  0  0  4     22    1     8    3  1  0  0  0  0  0  0
Stack: 0  0  0  0  3  6  2  -1

22   LOD  1  0  5     23    1     8    3  6  0  0  0  0  0  0
Stack: 0  0  0  0  3  6  2  -1

23   LEQ  0  0  1     24    1     8    1  6  0  0  0  0  0  0
Stack: 0  0  0  0  3  6  2  -1

24   JPC  0  0  34    25    1     8    1  6  0  0  0  0  0  0
Stack: 0  0  0  0  3  6  2  -1

25   LOD  0  0  4     26    1     8    3  6  0  0  0  0  0  0
Stack: 0  0  0  0  3  6  2  -1

26   LOD  1  0  6     27    1     8    3  2  0  0  0  0  0  0
Stack: 0  0  0  0  3  6  2  -1

27   MUL  0  0  1     28    1     8    6  2  0  0  0  0  0  0
Stack: 0  0  0  0  3  6  2  -1

28   STO  0  0  6     29    1     8    6  2  0  0  0  0  0  0
Stack: 0  0  0  0  3  6  6  -1

29   LOD  0  0  4     30    1     8    3  2  0  0  0  0  0  0
Stack: 0  0  0  0  3  6  6  -1

30   LIT  1  0  1     31    1     8    3  1  0  0  0  0  0  0
Stack: 0  0  0  0  3  6  6  -1

31   ADD  0  0  1     32    1     8    4  1  0  0  0  0  0  0
Stack: 0  0  0  0  3  6  6  -1

32   STO  0  0  4     33    1     8    4  1  0  0  0  0  0  0
Stack: 0  0  0  0  4  6  6  -1

33   JMP  0  0  21    21    1     8    4  1  0  0  0  0  0  0
Stack: 0  0  0  0  4  6  6  -1

21   LOD  0  0  4     22    1     8    4  1  0  0  0  0  0  0
Stack: 0  0  0  0  4  6  6  -1

22   LOD  1  0  5     23    1     8    4  6  0  0  0  0  0  0
Stack: 0  0  0  0  4  6  6  -1

23   LEQ  0  0  1     24    1     8    1  6  0  0  0  0  0  0
Stack: 0  0  0  0  4  6  6  -1

24   JPC  0  0  34    25    1     8    1  6  0  0  0  0  0  0
Stack: 0  0  0  0  4  6  6  -1

25   LOD  0  0  4     26    1     8    4  6  0  0  0  0  0  0
Stack: 0  0  0  0  4  6  6  -1

26   LOD  1  0  6     27    1     8    4  6  0  0  0  0  0  0
Stack: 0  0  0  0  4  6  6  -1

27   MUL  0  0  1     28    1     8    24  6  0  0  0  0  0  0
Stack: 0  0  0  0  4  6  6  -1

28   STO  0  0  6     29    1     8    24  6  0  0  0  0  0  0
Stack: 0  0  0  0  4  6  24  -1

29   LOD  0  0  4     30    1     8    4  6  0  0  0  0  0  0
Stack: 0  0  0  0  4  6  24  -1

30   LIT  1  0  1     31    1     8    4  1  0  0  0  0  0  0
Stack: 0  0  0  0  4  6  24  -1

31   ADD  0  0  1     32    1     8    5  1  0  0  0  0  0  0
Stack: 0  0  0  0  4  6  24  -1

32   STO  0  0  4     33    1     8    5  1  0  0  0  0  0  0
Stack: 0  0  0  0  5  6  24  -1

33   JMP  0  0  21    21    1     8    5  1  0  0  0  0  0  0
Stack: 0  0  0  0  5  6  24  -1

21   LOD  0  0  4     22    1     8    5  1  0  0  0  0  0  0
Stack: 0  0  0  0  5  6  24  -1

22   LOD  1  0  5     23    1     8    5  6  0  0  0  0  0  0
Stack: 0  0  0  0  5  6  24  -1

23   LEQ  0  0  1     24    1     8    1  6  0  0  0  0  0  0
Stack: 0  0  0  0  5  6  24  -1

24   JPC  0  0  34    25    1     8    1  6  0  0  0  0  0  0
Stack: 0  0  0  0  5  6  24  -1

25   LOD  0  0  4     26    1     8    5  6  0  0  0  0  0  0
Stack: 0  0  0  0  5  6  24  -1

26   LOD  1  0  6     27    1     8    5  24  0  0  0  0  0  0
Stack: 0  0  0  0  5  6  24  -1

27   MUL  0  0  1     28    1     8    120  24  0  0  0  0  0  0
Stack: 0  0  0  0  5  6  24  -1

28   STO  0  0  6     29    1     8    120  24  0  0  0  0  0  0
Stack: 0  0  0  0  5  6  120  -1

29   LOD  0  0  4     30    1     8    5  24  0  0  0  0  0  0
Stack: 0  0  0  0  5  6  120  -1

30   LIT  1  0  1     31    1     8    5  1  0  0  0  0  0  0
Stack: 0  0  0  0  5  6  120  -1

31   ADD  0  0  1     32    1     8    6  1  0  0  0  0  0  0
Stack: 0  0  0  0  5  6  120  -1

32   STO  0  0  4     33    1     8    6  1  0  0  0  0  0  0
Stack: 0  0  0  0  6  6  120  -1

33   JMP  0  0  21    21    1     8    6  1  0  0  0  0  0  0
Stack: 0  0  0  0  6  6  120  -1

21   LOD  0  0  4     22    1     8    6  1  0  0  0  0  0  0
Stack: 0  0  0  0  6  6  120  -1

22   LOD  1  0  5     23    1     8    6  6  0  0  0  0  0  0
Stack: 0  0  0  0  6  6  120  -1

23   LEQ  0  0  1     24    1     8    1  6  0  0  0  0  0  0
Stack: 0  0  0  0  6  6  120  -1

24   JPC  0  0  34    25    1     8    1  6  0  0  0  0  0  0
Stack: 0  0  0  0  6  6  120  -1

25   LOD  0  0  4     26    1     8    6  6  0  0  0  0  0  0
Stack: 0  0  0  0  6  6  120  -1

26   LOD  1  0  6     27    1     8    6  120  0  0  0  0  0  0
Stack: 0  0  0  0  6  6  120  -1

27   MUL  0  0  1     28    1     8    720  120  0  0  0  0  0  0
Stack: 0  0  0  0  6  6  120  -1

28   STO  0  0  6     29    1     8    720  120  0  0  0  0  0  0
Stack: 0  0  0  0  6  6  720  -1

29   LOD  0  0  4     30    1     8    6  120  0  0  0  0  0  0
Stack: 0  0  0  0  6  6  720  -1

30   LIT  1  0  1     31    1     8    6  1  0  0  0  0  0  0
Stack: 0  0  0  0  6  6  720  -1

31   ADD  0  0  1     32    1     8    7  1  0  0  0  0  0  0
Stack: 0  0  0  0  6  6  720  -1

32   STO  0  0  4     33    1     8    7  1  0  0  0  0  0  0
Stack: 0  0  0  0  7  6  720  -1

33   JMP  0  0  21    21    1     8    7  1  0  0  0  0  0  0
Stack: 0  0  0  0  7  6  720  -1

21   LOD  0  0  4     22    1     8    7  1  0  0  0  0  0  0
Stack: 0  0  0  0  7  6  720  -1

22   LOD  1  0  5     23    1     8    7  6  0  0  0  0  0  0
Stack: 0  0  0  0  7  6  720  -1

23   LEQ  0  0  1     24    1     8    0  6  0  0  0  0  0  0
Stack: 0  0  0  0  7  6  720  -1

24   JPC  0  0  34    34    1     8    0  6  0  0  0  0  0  0
Stack: 0  0  0  0  7  6  720  -1

34   LOD  0  0  6     35    1     8    720  6  0  0  0  0  0  0
Stack: 0  0  0  0  7  6  720  -1

35   SIO  0  0  0     36    1     8    720  6  0  0  0  0  0  0
Stack: 0  0  0  0  7  6  720  -1

PL/0 VM: 720

36   SIO  0  0  3     37    1     8    720  6  0  0  0  0  0  0
Stack: 0  0  0  0  7  6  720  -1

