Line   OP   R  L  M
0      JMP  0  0  17 
1      INC  0  0  7  
2      LOD  0  1  5  
3      STO  0  0  4  
4      SUB  2  0  1  
5      GTR  3  0  1  
6      STO  2  0  5  
7      STO  3  0  6  
8      JPC  0  0  15 
9      CAL  0  0  1  
10     LOD  0  0  4  
11     LOD  2  0  7  
12     MUL  0  0  2  
13     STO  0  0  0  
14     RTN  0  0  0  
15     STO  1  0  0  
16     RTN  0  0  0  
17     INC  0  0  6  
18     SIO  0  0  0  
19     LIT  1  0  1  
20     STO  0  0  5  
21     CAL  0  0  1  
22     LOD  0  0  6  
23     STO  0  0  5  
24     SIO  0  0  1  
25     SIO  0  0  3  
                      PC   BP    SP    REGISTERS
Initial values        0     1     0    0  0  0  0  0  0  0  0
Stack: 

0    JMP  0  0  17    17    1     0    0  0  0  0  0  0  0  0
Stack: 

17   INC  0  0  6     18    1     6    0  0  0  0  0  0  0  0
Stack: 0  0  0  0  0  0

18   SIO  0  0  0     19    1     6    5  0  0  0  0  0  0  0
Stack: 0  0  0  0  0  0

19   LIT  1  0  1     20    1     6    5  1  0  0  0  0  0  0
Stack: 0  0  0  0  0  0

20   STO  0  0  5     21    1     6    5  1  0  0  0  0  0  0
Stack: 0  0  0  0  0  5

21   CAL  0  0  1     1     6     6    5  1  0  0  0  0  0  0
Stack: 0  0  0  0  0  5

1    INC  0  0  7     2     6     13   5  1  0  0  0  0  0  0
Stack: 0  0  0  0  0  5 | 0  1  1  22  0  0  0

2    LOD  0  1  5     3     6     13   5  1  0  0  0  0  0  0
Stack: 0  0  0  0  0  5 | 0  1  1  22  0  0  0

3    STO  0  0  4     4     6     13   5  1  0  0  0  0  0  0
Stack: 0  0  0  0  0  5 | 0  1  1  22  5  0  0

4    SUB  2  0  1     5     6     13   5  1  4  0  0  0  0  0
Stack: 0  0  0  0  0  5 | 0  1  1  22  5  0  0

5    GTR  3  0  1     6     6     13   5  1  4  1  0  0  0  0
Stack: 0  0  0  0  0  5 | 0  1  1  22  5  0  0

6    STO  2  0  5     7     6     13   5  1  4  1  0  0  0  0
Stack: 0  0  0  0  0  5 | 0  1  1  22  5  4  0

7    STO  3  0  6     8     6     13   5  1  4  1  0  0  0  0
Stack: 0  0  0  0  0  5 | 0  1  1  22  5  4  1

8    JPC  0  0  15    9     6     13   5  1  4  1  0  0  0  0
Stack: 0  0  0  0  0  5 | 0  1  1  22  5  4  1

9    CAL  0  0  1     1     13    13   5  1  4  1  0  0  0  0
Stack: 0  0  0  0  0  5 | 0  1  1  22  5  4  1

1    INC  0  0  7     2     13    20   5  1  4  1  0  0  0  0
Stack: 0  0  0  0  0  5 | 0  1  1  22  5  4  1 | 0  6  6  10  0  0  0

2    LOD  0  1  5     3     13    20   4  1  4  1  0  0  0  0
Stack: 0  0  0  0  0  5 | 0  1  1  22  5  4  1 | 0  6  6  10  0  0  0

3    STO  0  0  4     4     13    20   4  1  4  1  0  0  0  0
Stack: 0  0  0  0  0  5 | 0  1  1  22  5  4  1 | 0  6  6  10  4  0  0

4    SUB  2  0  1     5     13    20   4  1  3  1  0  0  0  0
Stack: 0  0  0  0  0  5 | 0  1  1  22  5  4  1 | 0  6  6  10  4  0  0

5    GTR  3  0  1     6     13    20   4  1  3  1  0  0  0  0
Stack: 0  0  0  0  0  5 | 0  1  1  22  5  4  1 | 0  6  6  10  4  0  0

6    STO  2  0  5     7     13    20   4  1  3  1  0  0  0  0
Stack: 0  0  0  0  0  5 | 0  1  1  22  5  4  1 | 0  6  6  10  4  3  0

7    STO  3  0  6     8     13    20   4  1  3  1  0  0  0  0
Stack: 0  0  0  0  0  5 | 0  1  1  22  5  4  1 | 0  6  6  10  4  3  1

8    JPC  0  0  15    9     13    20   4  1  3  1  0  0  0  0
Stack: 0  0  0  0  0  5 | 0  1  1  22  5  4  1 | 0  6  6  10  4  3  1

9    CAL  0  0  1     1     20    20   4  1  3  1  0  0  0  0
Stack: 0  0  0  0  0  5 | 0  1  1  22  5  4  1 | 0  6  6  10  4  3  1

1    INC  0  0  7     2     20    27   4  1  3  1  0  0  0  0
Stack: 0  0  0  0  0  5 | 0  1  1  22  5  4  1 | 0  6  6  10  4  3  1 | 0  13  13  10  0  0  0

2    LOD  0  1  5     3     20    27   3  1  3  1  0  0  0  0
Stack: 0  0  0  0  0  5 | 0  1  1  22  5  4  1 | 0  6  6  10  4  3  1 | 0  13  13  10  0  0  0

3    STO  0  0  4     4     20    27   3  1  3  1  0  0  0  0
Stack: 0  0  0  0  0  5 | 0  1  1  22  5  4  1 | 0  6  6  10  4  3  1 | 0  13  13  10  3  0  0

4    SUB  2  0  1     5     20    27   3  1  2  1  0  0  0  0
Stack: 0  0  0  0  0  5 | 0  1  1  22  5  4  1 | 0  6  6  10  4  3  1 | 0  13  13  10  3  0  0

5    GTR  3  0  1     6     20    27   3  1  2  1  0  0  0  0
Stack: 0  0  0  0  0  5 | 0  1  1  22  5  4  1 | 0  6  6  10  4  3  1 | 0  13  13  10  3  0  0

6    STO  2  0  5     7     20    27   3  1  2  1  0  0  0  0
Stack: 0  0  0  0  0  5 | 0  1  1  22  5  4  1 | 0  6  6  10  4  3  1 | 0  13  13  10  3  2  0

7    STO  3  0  6     8     20    27   3  1  2  1  0  0  0  0
Stack: 0  0  0  0  0  5 | 0  1  1  22  5  4  1 | 0  6  6  10  4  3  1 | 0  13  13  10  3  2  1

8    JPC  0  0  15    9     20    27   3  1  2  1  0  0  0  0
Stack: 0  0  0  0  0  5 | 0  1  1  22  5  4  1 | 0  6  6  10  4  3  1 | 0  13  13  10  3  2  1

9    CAL  0  0  1     1     27    27   3  1  2  1  0  0  0  0
Stack: 0  0  0  0  0  5 | 0  1  1  22  5  4  1 | 0  6  6  10  4  3  1 | 0  13  13  10  3  2  1

1    INC  0  0  7     2     27    34   3  1  2  1  0  0  0  0
Stack: 0  0  0  0  0  5 | 0  1  1  22  5  4  1 | 0  6  6  10  4  3  1 | 0  13  13  10  3  2  1 | 0  20  20  10  0  0  0

2    LOD  0  1  5     3     27    34   2  1  2  1  0  0  0  0
Stack: 0  0  0  0  0  5 | 0  1  1  22  5  4  1 | 0  6  6  10  4  3  1 | 0  13  13  10  3  2  1 | 0  20  20  10  0  0  0

3    STO  0  0  4     4     27    34   2  1  2  1  0  0  0  0
Stack: 0  0  0  0  0  5 | 0  1  1  22  5  4  1 | 0  6  6  10  4  3  1 | 0  13  13  10  3  2  1 | 0  20  20  10  2  0  0

4    SUB  2  0  1     5     27    34   2  1  1  1  0  0  0  0
Stack: 0  0  0  0  0  5 | 0  1  1  22  5  4  1 | 0  6  6  10  4  3  1 | 0  13  13  10  3  2  1 | 0  20  20  10  2  0  0

5    GTR  3  0  1     6     27    34   2  1  1  1  0  0  0  0
Stack: 0  0  0  0  0  5 | 0  1  1  22  5  4  1 | 0  6  6  10  4  3  1 | 0  13  13  10  3  2  1 | 0  20  20  10  2  0  0

6    STO  2  0  5     7     27    34   2  1  1  1  0  0  0  0
Stack: 0  0  0  0  0  5 | 0  1  1  22  5  4  1 | 0  6  6  10  4  3  1 | 0  13  13  10  3  2  1 | 0  20  20  10  2  1  0

7    STO  3  0  6     8     27    34   2  1  1  1  0  0  0  0
Stack: 0  0  0  0  0  5 | 0  1  1  22  5  4  1 | 0  6  6  10  4  3  1 | 0  13  13  10  3  2  1 | 0  20  20  10  2  1  1

8    JPC  0  0  15    9     27    34   2  1  1  1  0  0  0  0
Stack: 0  0  0  0  0  5 | 0  1  1  22  5  4  1 | 0  6  6  10  4  3  1 | 0  13  13  10  3  2  1 | 0  20  20  10  2  1  1

9    CAL  0  0  1     1     34    34   2  1  1  1  0  0  0  0
Stack: 0  0  0  0  0  5 | 0  1  1  22  5  4  1 | 0  6  6  10  4  3  1 | 0  13  13  10  3  2  1 | 0  20  20  10  2  1  1

1    INC  0  0  7     2     34    41   2  1  1  1  0  0  0  0
Stack: 0  0  0  0  0  5 | 0  1  1  22  5  4  1 | 0  6  6  10  4  3  1 | 0  13  13  10  3  2  1 | 0  20  20  10  2  1  1 | 0  27  27  10  0  0  0

2    LOD  0  1  5     3     34    41   1  1  1  1  0  0  0  0
Stack: 0  0  0  0  0  5 | 0  1  1  22  5  4  1 | 0  6  6  10  4  3  1 | 0  13  13  10  3  2  1 | 0  20  20  10  2  1  1 | 0  27  27  10  0  0  0

3    STO  0  0  4     4     34    41   1  1  1  1  0  0  0  0
Stack: 0  0  0  0  0  5 | 0  1  1  22  5  4  1 | 0  6  6  10  4  3  1 | 0  13  13  10  3  2  1 | 0  20  20  10  2  1  1 | 0  27  27  10  1  0  0

4    SUB  2  0  1     5     34    41   1  1  0  1  0  0  0  0
Stack: 0  0  0  0  0  5 | 0  1  1  22  5  4  1 | 0  6  6  10  4  3  1 | 0  13  13  10  3  2  1 | 0  20  20  10  2  1  1 | 0  27  27  10  1  0  0

5    GTR  3  0  1     6     34    41   1  1  0  0  0  0  0  0
Stack: 0  0  0  0  0  5 | 0  1  1  22  5  4  1 | 0  6  6  10  4  3  1 | 0  13  13  10  3  2  1 | 0  20  20  10  2  1  1 | 0  27  27  10  1  0  0

6    STO  2  0  5     7     34    41   1  1  0  0  0  0  0  0
Stack: 0  0  0  0  0  5 | 0  1  1  22  5  4  1 | 0  6  6  10  4  3  1 | 0  13  13  10  3  2  1 | 0  20  20  10  2  1  1 | 0  27  27  10  1  0  0

7    STO  3  0  6     8     34    41   1  1  0  0  0  0  0  0
Stack: 0  0  0  0  0  5 | 0  1  1  22  5  4  1 | 0  6  6  10  4  3  1 | 0  13  13  10  3  2  1 | 0  20  20  10  2  1  1 | 0  27  27  10  1  0  0

8    JPC  0  0  15    15    34    41   1  1  0  0  0  0  0  0
Stack: 0  0  0  0  0  5 | 0  1  1  22  5  4  1 | 0  6  6  10  4  3  1 | 0  13  13  10  3  2  1 | 0  20  20  10  2  1  1 | 0  27  27  10  1  0  0

15   STO  1  0  0     16    34    41   1  1  0  0  0  0  0  0
Stack: 0  0  0  0  0  5 | 0  1  1  22  5  4  1 | 0  6  6  10  4  3  1 | 0  13  13  10  3  2  1 | 0  20  20  10  2  1  1 | 1  27  27  10  1  0  0

16   RTN  0  0  0     10    27    34   1  1  0  0  0  0  0  0
Stack: 0  0  0  0  0  5 | 0  1  1  22  5  4  1 | 0  6  6  10  4  3  1 | 0  13  13  10  3  2  1 | 0  20  20  10  2  1  1

10   LOD  0  0  4     11    27    34   2  1  0  0  0  0  0  0
Stack: 0  0  0  0  0  5 | 0  1  1  22  5  4  1 | 0  6  6  10  4  3  1 | 0  13  13  10  3  2  1 | 0  20  20  10  2  1  1

11   LOD  2  0  7     12    27    34   2  1  1  0  0  0  0  0
Stack: 0  0  0  0  0  5 | 0  1  1  22  5  4  1 | 0  6  6  10  4  3  1 | 0  13  13  10  3  2  1 | 0  20  20  10  2  1  1

12   MUL  0  0  2     13    27    34   2  1  1  0  0  0  0  0
Stack: 0  0  0  0  0  5 | 0  1  1  22  5  4  1 | 0  6  6  10  4  3  1 | 0  13  13  10  3  2  1 | 0  20  20  10  2  1  1

13   STO  0  0  0     14    27    34   2  1  1  0  0  0  0  0
Stack: 0  0  0  0  0  5 | 0  1  1  22  5  4  1 | 0  6  6  10  4  3  1 | 0  13  13  10  3  2  1 | 2  20  20  10  2  1  1

14   RTN  0  0  0     10    20    27   2  1  1  0  0  0  0  0
Stack: 0  0  0  0  0  5 | 0  1  1  22  5  4  1 | 0  6  6  10  4  3  1 | 0  13  13  10  3  2  1

10   LOD  0  0  4     11    20    27   3  1  1  0  0  0  0  0
Stack: 0  0  0  0  0  5 | 0  1  1  22  5  4  1 | 0  6  6  10  4  3  1 | 0  13  13  10  3  2  1

11   LOD  2  0  7     12    20    27   3  1  2  0  0  0  0  0
Stack: 0  0  0  0  0  5 | 0  1  1  22  5  4  1 | 0  6  6  10  4  3  1 | 0  13  13  10  3  2  1

12   MUL  0  0  2     13    20    27   6  1  2  0  0  0  0  0
Stack: 0  0  0  0  0  5 | 0  1  1  22  5  4  1 | 0  6  6  10  4  3  1 | 0  13  13  10  3  2  1

13   STO  0  0  0     14    20    27   6  1  2  0  0  0  0  0
Stack: 0  0  0  0  0  5 | 0  1  1  22  5  4  1 | 0  6  6  10  4  3  1 | 6  13  13  10  3  2  1

14   RTN  0  0  0     10    13    20   6  1  2  0  0  0  0  0
Stack: 0  0  0  0  0  5 | 0  1  1  22  5  4  1 | 0  6  6  10  4  3  1

10   LOD  0  0  4     11    13    20   4  1  2  0  0  0  0  0
Stack: 0  0  0  0  0  5 | 0  1  1  22  5  4  1 | 0  6  6  10  4  3  1

11   LOD  2  0  7     12    13    20   4  1  6  0  0  0  0  0
Stack: 0  0  0  0  0  5 | 0  1  1  22  5  4  1 | 0  6  6  10  4  3  1

12   MUL  0  0  2     13    13    20   24  1  6  0  0  0  0  0
Stack: 0  0  0  0  0  5 | 0  1  1  22  5  4  1 | 0  6  6  10  4  3  1

13   STO  0  0  0     14    13    20   24  1  6  0  0  0  0  0
Stack: 0  0  0  0  0  5 | 0  1  1  22  5  4  1 | 24  6  6  10  4  3  1

14   RTN  0  0  0     10    6     13   24  1  6  0  0  0  0  0
Stack: 0  0  0  0  0  5 | 0  1  1  22  5  4  1

10   LOD  0  0  4     11    6     13   5  1  6  0  0  0  0  0
Stack: 0  0  0  0  0  5 | 0  1  1  22  5  4  1

11   LOD  2  0  7     12    6     13   5  1  24  0  0  0  0  0
Stack: 0  0  0  0  0  5 | 0  1  1  22  5  4  1

12   MUL  0  0  2     13    6     13   120  1  24  0  0  0  0  0
Stack: 0  0  0  0  0  5 | 0  1  1  22  5  4  1

13   STO  0  0  0     14    6     13   120  1  24  0  0  0  0  0
Stack: 0  0  0  0  0  5 | 120  1  1  22  5  4  1

14   RTN  0  0  0     22    1     6    120  1  24  0  0  0  0  0
Stack: 0  0  0  0  0  5

22   LOD  0  0  6     23    1     6    120  1  24  0  0  0  0  0
Stack: 0  0  0  0  0  5

23   STO  0  0  5     24    1     6    120  1  24  0  0  0  0  0
Stack: 0  0  0  0  0  120

24   SIO  0  0  1     25    1     6    120  1  24  0  0  0  0  0
Stack: 0  0  0  0  0  120

PM/0 VM: 120

25   SIO  0  0  3     26    1     6    120  1  24  0  0  0  0  0
Stack: 0  0  0  0  0  120

