Line   OP   R  L  M
0      JMP  0  0  1  
1      INC  0  0  6  
2      LIT  0  0  3  
3      STO  0  0  5  
4      LOD  0  0  5  
5      LIT  1  0  56 
6      ADD  0  0  1  
7      STO  0  0  4  
8      LOD  0  0  5  
9      SIO  0  0  0  
10     LOD  0  0  4  
11     SIO  0  0  0  
12     LIT  0  0  1  
13     LIT  1  0  2  
14     ADD  0  0  1  
15     LIT  1  0  3  
16     LIT  2  0  1  
17     MUL  1  1  2  
18     ADD  0  0  1  
19     LIT  1  0  3  
20     LIT  2  0  1  
21     MUL  1  1  2  
22     LIT  2  0  2  
23     MUL  1  1  2  
24     ADD  0  0  1  
25     LIT  1  0  3  
26     LIT  2  0  1  
27     MUL  1  1  2  
28     LIT  2  0  2  
29     MUL  1  1  2  
30     LIT  2  0  3  
31     MUL  1  1  2  
32     ADD  0  0  1  
33     LIT  1  0  1  
34     ADD  0  0  1  
35     STO  0  0  4  
36     LOD  0  0  4  
37     SIO  0  0  0  
38     SIO  0  0  3  
                      PC   BP    SP    REGISTERS
Initial values        0     1     0    0  0  0  0  0  0  0  0
Stack: 

0    JMP  0  0  1     1     1     0    0  0  0  0  0  0  0  0
Stack: 

1    INC  0  0  6     2     1     6    0  0  0  0  0  0  0  0
Stack: 0  0  0  0  0  0

2    LIT  0  0  3     3     1     6    3  0  0  0  0  0  0  0
Stack: 0  0  0  0  0  0

3    STO  0  0  5     4     1     6    3  0  0  0  0  0  0  0
Stack: 0  0  0  0  0  3

4    LOD  0  0  5     5     1     6    3  0  0  0  0  0  0  0
Stack: 0  0  0  0  0  3

5    LIT  1  0  56    6     1     6    3  56  0  0  0  0  0  0
Stack: 0  0  0  0  0  3

6    ADD  0  0  1     7     1     6    59  56  0  0  0  0  0  0
Stack: 0  0  0  0  0  3

7    STO  0  0  4     8     1     6    59  56  0  0  0  0  0  0
Stack: 0  0  0  0  59  3

8    LOD  0  0  5     9     1     6    3  56  0  0  0  0  0  0
Stack: 0  0  0  0  59  3

9    SIO  0  0  0     10    1     6    3  56  0  0  0  0  0  0
Stack: 0  0  0  0  59  3

PM/0 VM: 3

10   LOD  0  0  4     11    1     6    59  56  0  0  0  0  0  0
Stack: 0  0  0  0  59  3

11   SIO  0  0  0     12    1     6    59  56  0  0  0  0  0  0
Stack: 0  0  0  0  59  3

PM/0 VM: 59

12   LIT  0  0  1     13    1     6    1  56  0  0  0  0  0  0
Stack: 0  0  0  0  59  3

13   LIT  1  0  2     14    1     6    1  2  0  0  0  0  0  0
Stack: 0  0  0  0  59  3

14   ADD  0  0  1     15    1     6    3  2  0  0  0  0  0  0
Stack: 0  0  0  0  59  3

15   LIT  1  0  3     16    1     6    3  3  0  0  0  0  0  0
Stack: 0  0  0  0  59  3

16   LIT  2  0  1     17    1     6    3  3  1  0  0  0  0  0
Stack: 0  0  0  0  59  3

17   MUL  1  1  2     18    1     6    3  3  1  0  0  0  0  0
Stack: 0  0  0  0  59  3

18   ADD  0  0  1     19    1     6    6  3  1  0  0  0  0  0
Stack: 0  0  0  0  59  3

19   LIT  1  0  3     20    1     6    6  3  1  0  0  0  0  0
Stack: 0  0  0  0  59  3

20   LIT  2  0  1     21    1     6    6  3  1  0  0  0  0  0
Stack: 0  0  0  0  59  3

21   MUL  1  1  2     22    1     6    6  3  1  0  0  0  0  0
Stack: 0  0  0  0  59  3

22   LIT  2  0  2     23    1     6    6  3  2  0  0  0  0  0
Stack: 0  0  0  0  59  3

23   MUL  1  1  2     24    1     6    6  6  2  0  0  0  0  0
Stack: 0  0  0  0  59  3

24   ADD  0  0  1     25    1     6    12  6  2  0  0  0  0  0
Stack: 0  0  0  0  59  3

25   LIT  1  0  3     26    1     6    12  3  2  0  0  0  0  0
Stack: 0  0  0  0  59  3

26   LIT  2  0  1     27    1     6    12  3  1  0  0  0  0  0
Stack: 0  0  0  0  59  3

27   MUL  1  1  2     28    1     6    12  3  1  0  0  0  0  0
Stack: 0  0  0  0  59  3

28   LIT  2  0  2     29    1     6    12  3  2  0  0  0  0  0
Stack: 0  0  0  0  59  3

29   MUL  1  1  2     30    1     6    12  6  2  0  0  0  0  0
Stack: 0  0  0  0  59  3

30   LIT  2  0  3     31    1     6    12  6  3  0  0  0  0  0
Stack: 0  0  0  0  59  3

31   MUL  1  1  2     32    1     6    12  18  3  0  0  0  0  0
Stack: 0  0  0  0  59  3

32   ADD  0  0  1     33    1     6    30  18  3  0  0  0  0  0
Stack: 0  0  0  0  59  3

33   LIT  1  0  1     34    1     6    30  1  3  0  0  0  0  0
Stack: 0  0  0  0  59  3

34   ADD  0  0  1     35    1     6    31  1  3  0  0  0  0  0
Stack: 0  0  0  0  59  3

35   STO  0  0  4     36    1     6    31  1  3  0  0  0  0  0
Stack: 0  0  0  0  31  3

36   LOD  0  0  4     37    1     6    31  1  3  0  0  0  0  0
Stack: 0  0  0  0  31  3

37   SIO  0  0  0     38    1     6    31  1  3  0  0  0  0  0
Stack: 0  0  0  0  31  3

PM/0 VM: 31

38   SIO  0  0  3     39    1     6    31  1  3  0  0  0  0  0
Stack: 0  0  0  0  31  3

