Line   OP   R  L  M
0      JMP  0  0  1  
1      INC  0  0  6  
2      LIT  0  0  3  
3      STO  0  0  5  
4      LOD  0  0  5  
5      LIT  1  0  56 
6      ADD  0  0  1  
7      STO  0  0  4  
8      LOD  0  0  5  
9      SIO  0  0  0  
10     LOD  0  0  4  
11     SIO  0  0  0  
12     LIT  0  0  1  
13     LIT  1  0  2  
14     ADD  0  0  1  
15     LIT  1  0  3  
16     LIT  2  0  1  
17     MUL  1  1  2  
18     ADD  0  0  1  
19     LIT  1  0  3  
20     LIT  2  0  2  
21     MUL  1  1  2  
22     ADD  0  0  1  
23     LIT  1  0  3  
24     LIT  2  0  3  
25     MUL  1  1  2  
26     ADD  0  0  1  
27     LIT  1  0  1  
28     ADD  0  0  1  
29     STO  0  0  4  
30     LOD  0  0  4  
31     SIO  0  0  0  
32     SIO  0  0  3  
                      PC   BP    SP    REGISTERS
Initial values        0     1     0    0  0  0  0  0  0  0  0
Stack: 

0    JMP  0  0  1     1     1     0    0  0  0  0  0  0  0  0
Stack: 

1    INC  0  0  6     2     1     6    0  0  0  0  0  0  0  0
Stack: 0  0  0  0  0  0

2    LIT  0  0  3     3     1     6    3  0  0  0  0  0  0  0
Stack: 0  0  0  0  0  0

3    STO  0  0  5     4     1     6    3  0  0  0  0  0  0  0
Stack: 0  0  0  0  0  3

4    LOD  0  0  5     5     1     6    3  0  0  0  0  0  0  0
Stack: 0  0  0  0  0  3

5    LIT  1  0  56    6     1     6    3  56  0  0  0  0  0  0
Stack: 0  0  0  0  0  3

6    ADD  0  0  1     7     1     6    59  56  0  0  0  0  0  0
Stack: 0  0  0  0  0  3

7    STO  0  0  4     8     1     6    59  56  0  0  0  0  0  0
Stack: 0  0  0  0  59  3

8    LOD  0  0  5     9     1     6    3  56  0  0  0  0  0  0
Stack: 0  0  0  0  59  3

9    SIO  0  0  0     10    1     6    3  56  0  0  0  0  0  0
Stack: 0  0  0  0  59  3

PM/0 VM: 3

10   LOD  0  0  4     11    1     6    59  56  0  0  0  0  0  0
Stack: 0  0  0  0  59  3

11   SIO  0  0  0     12    1     6    59  56  0  0  0  0  0  0
Stack: 0  0  0  0  59  3

PM/0 VM: 59

12   LIT  0  0  1     13    1     6    1  56  0  0  0  0  0  0
Stack: 0  0  0  0  59  3

13   LIT  1  0  2     14    1     6    1  2  0  0  0  0  0  0
Stack: 0  0  0  0  59  3

14   ADD  0  0  1     15    1     6    3  2  0  0  0  0  0  0
Stack: 0  0  0  0  59  3

15   LIT  1  0  3     16    1     6    3  3  0  0  0  0  0  0
Stack: 0  0  0  0  59  3

16   LIT  2  0  1     17    1     6    3  3  1  0  0  0  0  0
Stack: 0  0  0  0  59  3

17   MUL  1  1  2     18    1     6    3  3  1  0  0  0  0  0
Stack: 0  0  0  0  59  3

18   ADD  0  0  1     19    1     6    6  3  1  0  0  0  0  0
Stack: 0  0  0  0  59  3

19   LIT  1  0  3     20    1     6    6  3  1  0  0  0  0  0
Stack: 0  0  0  0  59  3

20   LIT  2  0  2     21    1     6    6  3  2  0  0  0  0  0
Stack: 0  0  0  0  59  3

21   MUL  1  1  2     22    1     6    6  6  2  0  0  0  0  0
Stack: 0  0  0  0  59  3

22   ADD  0  0  1     23    1     6    12  6  2  0  0  0  0  0
Stack: 0  0  0  0  59  3

23   LIT  1  0  3     24    1     6    12  3  2  0  0  0  0  0
Stack: 0  0  0  0  59  3

24   LIT  2  0  3     25    1     6    12  3  3  0  0  0  0  0
Stack: 0  0  0  0  59  3

25   MUL  1  1  2     26    1     6    12  9  3  0  0  0  0  0
Stack: 0  0  0  0  59  3

26   ADD  0  0  1     27    1     6    21  9  3  0  0  0  0  0
Stack: 0  0  0  0  59  3

27   LIT  1  0  1     28    1     6    21  1  3  0  0  0  0  0
Stack: 0  0  0  0  59  3

28   ADD  0  0  1     29    1     6    22  1  3  0  0  0  0  0
Stack: 0  0  0  0  59  3

29   STO  0  0  4     30    1     6    22  1  3  0  0  0  0  0
Stack: 0  0  0  0  22  3

30   LOD  0  0  4     31    1     6    22  1  3  0  0  0  0  0
Stack: 0  0  0  0  22  3

31   SIO  0  0  0     32    1     6    22  1  3  0  0  0  0  0
Stack: 0  0  0  0  22  3

PM/0 VM: 22

32   SIO  0  0  3     33    1     6    22  1  3  0  0  0  0  0
Stack: 0  0  0  0  22  3

