Line   OP   R  L  M
0      JMP  0  0  1  
1      INC  0  0  6  
2      LIT  0  0  3  
3      STO  0  0  5  
4      LOD  0  0  5  
5      LIT  1  0  66 
6      ADD  0  0  1  
7      STO  0  0  4  
8      LOD  0  0  5  
9      SIO  0  0  0  
10     LOD  0  0  4  
11     SIO  0  0  0  
12     LIT  0  0  5  
13     SIO  0  0  0  
14     LOD  0  0  4  
15     LIT  1  0  5  
16     LIT  2  0  2  
17     MUL  1  1  2  
18     ADD  0  0  1  
19     LOD  1  0  4  
20     ADD  0  0  1  
21     STO  0  0  4  
22     LOD  0  0  4  
23     SIO  0  0  0  
24     SIO  0  0  3  
                      PC   BP    SP    REGISTERS
Initial values        0     1     0    0  0  0  0  0  0  0  0
Stack: 

0    JMP  0  0  1     1     1     0    0  0  0  0  0  0  0  0
Stack: 

1    INC  0  0  6     2     1     6    0  0  0  0  0  0  0  0
Stack: 0  0  0  0  0  0

2    LIT  0  0  3     3     1     6    3  0  0  0  0  0  0  0
Stack: 0  0  0  0  0  0

3    STO  0  0  5     4     1     6    3  0  0  0  0  0  0  0
Stack: 0  0  0  0  0  3

4    LOD  0  0  5     5     1     6    3  0  0  0  0  0  0  0
Stack: 0  0  0  0  0  3

5    LIT  1  0  66    6     1     6    3  66  0  0  0  0  0  0
Stack: 0  0  0  0  0  3

6    ADD  0  0  1     7     1     6    69  66  0  0  0  0  0  0
Stack: 0  0  0  0  0  3

7    STO  0  0  4     8     1     6    69  66  0  0  0  0  0  0
Stack: 0  0  0  0  69  3

8    LOD  0  0  5     9     1     6    3  66  0  0  0  0  0  0
Stack: 0  0  0  0  69  3

9    SIO  0  0  0     10    1     6    3  66  0  0  0  0  0  0
Stack: 0  0  0  0  69  3

PM/0 VM: 3

10   LOD  0  0  4     11    1     6    69  66  0  0  0  0  0  0
Stack: 0  0  0  0  69  3

11   SIO  0  0  0     12    1     6    69  66  0  0  0  0  0  0
Stack: 0  0  0  0  69  3

PM/0 VM: 69

12   LIT  0  0  5     13    1     6    5  66  0  0  0  0  0  0
Stack: 0  0  0  0  69  3

13   SIO  0  0  0     14    1     6    5  66  0  0  0  0  0  0
Stack: 0  0  0  0  69  3

PM/0 VM: 5

14   LOD  0  0  4     15    1     6    69  66  0  0  0  0  0  0
Stack: 0  0  0  0  69  3

15   LIT  1  0  5     16    1     6    69  5  0  0  0  0  0  0
Stack: 0  0  0  0  69  3

16   LIT  2  0  2     17    1     6    69  5  2  0  0  0  0  0
Stack: 0  0  0  0  69  3

17   MUL  1  1  2     18    1     6    69  10  2  0  0  0  0  0
Stack: 0  0  0  0  69  3

18   ADD  0  0  1     19    1     6    79  10  2  0  0  0  0  0
Stack: 0  0  0  0  69  3

19   LOD  1  0  4     20    1     6    79  69  2  0  0  0  0  0
Stack: 0  0  0  0  69  3

20   ADD  0  0  1     21    1     6    148  69  2  0  0  0  0  0
Stack: 0  0  0  0  69  3

21   STO  0  0  4     22    1     6    148  69  2  0  0  0  0  0
Stack: 0  0  0  0  148  3

22   LOD  0  0  4     23    1     6    148  69  2  0  0  0  0  0
Stack: 0  0  0  0  148  3

23   SIO  0  0  0     24    1     6    148  69  2  0  0  0  0  0
Stack: 0  0  0  0  148  3

PM/0 VM: 148

24   SIO  0  0  3     25    1     6    148  69  2  0  0  0  0  0
Stack: 0  0  0  0  148  3

