Line   OP   R  L  M
0      JMP  0  0  16 
1      INC  0  0  6  
2      LOD  0  1  5  
3      STO  0  0  4  
4      SUB  2  0  1  
5      GTR  3  0  1  
6      STO  2  0  5  
7      JPC  3  0  14 
8      CAL  0  0  1  
9      LOD  0  0  4  
10     LOD  2  0  6  
11     MUL  0  0  2  
12     STO  0  0  0  
13     RTN  0  0  0  
14     STO  1  0  0  
15     RTN  0  0  0  
16     INC  0  0  6  
17     SIO  0  0  0  
18     LIT  1  0  1  
19     STO  0  0  5  
20     CAL  0  0  1  
21     LOD  0  0  6  
22     STO  0  0  4  
23     SIO  0  0  1  
24     SIO  0  0  3  
                      PC   BP    SP    REGISTERS
Initial values        0     1     0    0  0  0  0  0  0  0  0
Stack: 

0    JMP  0  0  16    16    1     0    0  0  0  0  0  0  0  0
Stack: 

16   INC  0  0  6     17    1     6    0  0  0  0  0  0  0  0
Stack: 0  0  0  0  0  0

17   SIO  0  0  0     18    1     6    7  0  0  0  0  0  0  0
Stack: 0  0  0  0  0  0

18   LIT  1  0  1     19    1     6    7  1  0  0  0  0  0  0
Stack: 0  0  0  0  0  0

19   STO  0  0  5     20    1     6    7  1  0  0  0  0  0  0
Stack: 0  0  0  0  0  7

20   CAL  0  0  1     1     6     6    7  1  0  0  0  0  0  0
Stack: 0  0  0  0  0  7

1    INC  0  0  6     2     6     12   7  1  0  0  0  0  0  0
Stack: 0  0  0  0  0  7 | 0  1  1  21  0  0

2    LOD  0  1  5     3     6     12   7  1  0  0  0  0  0  0
Stack: 0  0  0  0  0  7 | 0  1  1  21  0  0

3    STO  0  0  4     4     6     12   7  1  0  0  0  0  0  0
Stack: 0  0  0  0  0  7 | 0  1  1  21  7  0

4    SUB  2  0  1     5     6     12   7  1  6  0  0  0  0  0
Stack: 0  0  0  0  0  7 | 0  1  1  21  7  0

5    GTR  3  0  1     6     6     12   7  1  6  1  0  0  0  0
Stack: 0  0  0  0  0  7 | 0  1  1  21  7  0

6    STO  2  0  5     7     6     12   7  1  6  1  0  0  0  0
Stack: 0  0  0  0  0  7 | 0  1  1  21  7  6

7    JPC  3  0  14    8     6     12   7  1  6  1  0  0  0  0
Stack: 0  0  0  0  0  7 | 0  1  1  21  7  6

8    CAL  0  0  1     1     12    12   7  1  6  1  0  0  0  0
Stack: 0  0  0  0  0  7 | 0  1  1  21  7  6

1    INC  0  0  6     2     12    18   7  1  6  1  0  0  0  0
Stack: 0  0  0  0  0  7 | 0  1  1  21  7  6 | 0  6  6  9  0  0

2    LOD  0  1  5     3     12    18   6  1  6  1  0  0  0  0
Stack: 0  0  0  0  0  7 | 0  1  1  21  7  6 | 0  6  6  9  0  0

3    STO  0  0  4     4     12    18   6  1  6  1  0  0  0  0
Stack: 0  0  0  0  0  7 | 0  1  1  21  7  6 | 0  6  6  9  6  0

4    SUB  2  0  1     5     12    18   6  1  5  1  0  0  0  0
Stack: 0  0  0  0  0  7 | 0  1  1  21  7  6 | 0  6  6  9  6  0

5    GTR  3  0  1     6     12    18   6  1  5  1  0  0  0  0
Stack: 0  0  0  0  0  7 | 0  1  1  21  7  6 | 0  6  6  9  6  0

6    STO  2  0  5     7     12    18   6  1  5  1  0  0  0  0
Stack: 0  0  0  0  0  7 | 0  1  1  21  7  6 | 0  6  6  9  6  5

7    JPC  3  0  14    8     12    18   6  1  5  1  0  0  0  0
Stack: 0  0  0  0  0  7 | 0  1  1  21  7  6 | 0  6  6  9  6  5

8    CAL  0  0  1     1     18    18   6  1  5  1  0  0  0  0
Stack: 0  0  0  0  0  7 | 0  1  1  21  7  6 | 0  6  6  9  6  5

1    INC  0  0  6     2     18    24   6  1  5  1  0  0  0  0
Stack: 0  0  0  0  0  7 | 0  1  1  21  7  6 | 0  6  6  9  6  5 | 0  12  12  9  0  0

2    LOD  0  1  5     3     18    24   5  1  5  1  0  0  0  0
Stack: 0  0  0  0  0  7 | 0  1  1  21  7  6 | 0  6  6  9  6  5 | 0  12  12  9  0  0

3    STO  0  0  4     4     18    24   5  1  5  1  0  0  0  0
Stack: 0  0  0  0  0  7 | 0  1  1  21  7  6 | 0  6  6  9  6  5 | 0  12  12  9  5  0

4    SUB  2  0  1     5     18    24   5  1  4  1  0  0  0  0
Stack: 0  0  0  0  0  7 | 0  1  1  21  7  6 | 0  6  6  9  6  5 | 0  12  12  9  5  0

5    GTR  3  0  1     6     18    24   5  1  4  1  0  0  0  0
Stack: 0  0  0  0  0  7 | 0  1  1  21  7  6 | 0  6  6  9  6  5 | 0  12  12  9  5  0

6    STO  2  0  5     7     18    24   5  1  4  1  0  0  0  0
Stack: 0  0  0  0  0  7 | 0  1  1  21  7  6 | 0  6  6  9  6  5 | 0  12  12  9  5  4

7    JPC  3  0  14    8     18    24   5  1  4  1  0  0  0  0
Stack: 0  0  0  0  0  7 | 0  1  1  21  7  6 | 0  6  6  9  6  5 | 0  12  12  9  5  4

8    CAL  0  0  1     1     24    24   5  1  4  1  0  0  0  0
Stack: 0  0  0  0  0  7 | 0  1  1  21  7  6 | 0  6  6  9  6  5 | 0  12  12  9  5  4

1    INC  0  0  6     2     24    30   5  1  4  1  0  0  0  0
Stack: 0  0  0  0  0  7 | 0  1  1  21  7  6 | 0  6  6  9  6  5 | 0  12  12  9  5  4 | 0  18  18  9  0  0

2    LOD  0  1  5     3     24    30   4  1  4  1  0  0  0  0
Stack: 0  0  0  0  0  7 | 0  1  1  21  7  6 | 0  6  6  9  6  5 | 0  12  12  9  5  4 | 0  18  18  9  0  0

3    STO  0  0  4     4     24    30   4  1  4  1  0  0  0  0
Stack: 0  0  0  0  0  7 | 0  1  1  21  7  6 | 0  6  6  9  6  5 | 0  12  12  9  5  4 | 0  18  18  9  4  0

4    SUB  2  0  1     5     24    30   4  1  3  1  0  0  0  0
Stack: 0  0  0  0  0  7 | 0  1  1  21  7  6 | 0  6  6  9  6  5 | 0  12  12  9  5  4 | 0  18  18  9  4  0

5    GTR  3  0  1     6     24    30   4  1  3  1  0  0  0  0
Stack: 0  0  0  0  0  7 | 0  1  1  21  7  6 | 0  6  6  9  6  5 | 0  12  12  9  5  4 | 0  18  18  9  4  0

6    STO  2  0  5     7     24    30   4  1  3  1  0  0  0  0
Stack: 0  0  0  0  0  7 | 0  1  1  21  7  6 | 0  6  6  9  6  5 | 0  12  12  9  5  4 | 0  18  18  9  4  3

7    JPC  3  0  14    8     24    30   4  1  3  1  0  0  0  0
Stack: 0  0  0  0  0  7 | 0  1  1  21  7  6 | 0  6  6  9  6  5 | 0  12  12  9  5  4 | 0  18  18  9  4  3

8    CAL  0  0  1     1     30    30   4  1  3  1  0  0  0  0
Stack: 0  0  0  0  0  7 | 0  1  1  21  7  6 | 0  6  6  9  6  5 | 0  12  12  9  5  4 | 0  18  18  9  4  3

1    INC  0  0  6     2     30    36   4  1  3  1  0  0  0  0
Stack: 0  0  0  0  0  7 | 0  1  1  21  7  6 | 0  6  6  9  6  5 | 0  12  12  9  5  4 | 0  18  18  9  4  3 | 0  24  24  9  0  0

2    LOD  0  1  5     3     30    36   3  1  3  1  0  0  0  0
Stack: 0  0  0  0  0  7 | 0  1  1  21  7  6 | 0  6  6  9  6  5 | 0  12  12  9  5  4 | 0  18  18  9  4  3 | 0  24  24  9  0  0

3    STO  0  0  4     4     30    36   3  1  3  1  0  0  0  0
Stack: 0  0  0  0  0  7 | 0  1  1  21  7  6 | 0  6  6  9  6  5 | 0  12  12  9  5  4 | 0  18  18  9  4  3 | 0  24  24  9  3  0

4    SUB  2  0  1     5     30    36   3  1  2  1  0  0  0  0
Stack: 0  0  0  0  0  7 | 0  1  1  21  7  6 | 0  6  6  9  6  5 | 0  12  12  9  5  4 | 0  18  18  9  4  3 | 0  24  24  9  3  0

5    GTR  3  0  1     6     30    36   3  1  2  1  0  0  0  0
Stack: 0  0  0  0  0  7 | 0  1  1  21  7  6 | 0  6  6  9  6  5 | 0  12  12  9  5  4 | 0  18  18  9  4  3 | 0  24  24  9  3  0

6    STO  2  0  5     7     30    36   3  1  2  1  0  0  0  0
Stack: 0  0  0  0  0  7 | 0  1  1  21  7  6 | 0  6  6  9  6  5 | 0  12  12  9  5  4 | 0  18  18  9  4  3 | 0  24  24  9  3  2

7    JPC  3  0  14    8     30    36   3  1  2  1  0  0  0  0
Stack: 0  0  0  0  0  7 | 0  1  1  21  7  6 | 0  6  6  9  6  5 | 0  12  12  9  5  4 | 0  18  18  9  4  3 | 0  24  24  9  3  2

8    CAL  0  0  1     1     36    36   3  1  2  1  0  0  0  0
Stack: 0  0  0  0  0  7 | 0  1  1  21  7  6 | 0  6  6  9  6  5 | 0  12  12  9  5  4 | 0  18  18  9  4  3 | 0  24  24  9  3  2

1    INC  0  0  6     2     36    42   3  1  2  1  0  0  0  0
Stack: 0  0  0  0  0  7 | 0  1  1  21  7  6 | 0  6  6  9  6  5 | 0  12  12  9  5  4 | 0  18  18  9  4  3 | 0  24  24  9  3  2 | 0  30  30  9  0  0

2    LOD  0  1  5     3     36    42   2  1  2  1  0  0  0  0
Stack: 0  0  0  0  0  7 | 0  1  1  21  7  6 | 0  6  6  9  6  5 | 0  12  12  9  5  4 | 0  18  18  9  4  3 | 0  24  24  9  3  2 | 0  30  30  9  0  0

3    STO  0  0  4     4     36    42   2  1  2  1  0  0  0  0
Stack: 0  0  0  0  0  7 | 0  1  1  21  7  6 | 0  6  6  9  6  5 | 0  12  12  9  5  4 | 0  18  18  9  4  3 | 0  24  24  9  3  2 | 0  30  30  9  2  0

4    SUB  2  0  1     5     36    42   2  1  1  1  0  0  0  0
Stack: 0  0  0  0  0  7 | 0  1  1  21  7  6 | 0  6  6  9  6  5 | 0  12  12  9  5  4 | 0  18  18  9  4  3 | 0  24  24  9  3  2 | 0  30  30  9  2  0

5    GTR  3  0  1     6     36    42   2  1  1  1  0  0  0  0
Stack: 0  0  0  0  0  7 | 0  1  1  21  7  6 | 0  6  6  9  6  5 | 0  12  12  9  5  4 | 0  18  18  9  4  3 | 0  24  24  9  3  2 | 0  30  30  9  2  0

6    STO  2  0  5     7     36    42   2  1  1  1  0  0  0  0
Stack: 0  0  0  0  0  7 | 0  1  1  21  7  6 | 0  6  6  9  6  5 | 0  12  12  9  5  4 | 0  18  18  9  4  3 | 0  24  24  9  3  2 | 0  30  30  9  2  1

7    JPC  3  0  14    8     36    42   2  1  1  1  0  0  0  0
Stack: 0  0  0  0  0  7 | 0  1  1  21  7  6 | 0  6  6  9  6  5 | 0  12  12  9  5  4 | 0  18  18  9  4  3 | 0  24  24  9  3  2 | 0  30  30  9  2  1

8    CAL  0  0  1     1     42    42   2  1  1  1  0  0  0  0
Stack: 0  0  0  0  0  7 | 0  1  1  21  7  6 | 0  6  6  9  6  5 | 0  12  12  9  5  4 | 0  18  18  9  4  3 | 0  24  24  9  3  2 | 0  30  30  9  2  1

1    INC  0  0  6     2     42    48   2  1  1  1  0  0  0  0
Stack: 0  0  0  0  0  7 | 0  1  1  21  7  6 | 0  6  6  9  6  5 | 0  12  12  9  5  4 | 0  18  18  9  4  3 | 0  24  24  9  3  2 | 0  30  30  9  2  1 | 0  36  36  9  0  0

2    LOD  0  1  5     3     42    48   1  1  1  1  0  0  0  0
Stack: 0  0  0  0  0  7 | 0  1  1  21  7  6 | 0  6  6  9  6  5 | 0  12  12  9  5  4 | 0  18  18  9  4  3 | 0  24  24  9  3  2 | 0  30  30  9  2  1 | 0  36  36  9  0  0

3    STO  0  0  4     4     42    48   1  1  1  1  0  0  0  0
Stack: 0  0  0  0  0  7 | 0  1  1  21  7  6 | 0  6  6  9  6  5 | 0  12  12  9  5  4 | 0  18  18  9  4  3 | 0  24  24  9  3  2 | 0  30  30  9  2  1 | 0  36  36  9  1  0

4    SUB  2  0  1     5     42    48   1  1  0  1  0  0  0  0
Stack: 0  0  0  0  0  7 | 0  1  1  21  7  6 | 0  6  6  9  6  5 | 0  12  12  9  5  4 | 0  18  18  9  4  3 | 0  24  24  9  3  2 | 0  30  30  9  2  1 | 0  36  36  9  1  0

5    GTR  3  0  1     6     42    48   1  1  0  0  0  0  0  0
Stack: 0  0  0  0  0  7 | 0  1  1  21  7  6 | 0  6  6  9  6  5 | 0  12  12  9  5  4 | 0  18  18  9  4  3 | 0  24  24  9  3  2 | 0  30  30  9  2  1 | 0  36  36  9  1  0

6    STO  2  0  5     7     42    48   1  1  0  0  0  0  0  0
Stack: 0  0  0  0  0  7 | 0  1  1  21  7  6 | 0  6  6  9  6  5 | 0  12  12  9  5  4 | 0  18  18  9  4  3 | 0  24  24  9  3  2 | 0  30  30  9  2  1 | 0  36  36  9  1  0

7    JPC  3  0  14    14    42    48   1  1  0  0  0  0  0  0
Stack: 0  0  0  0  0  7 | 0  1  1  21  7  6 | 0  6  6  9  6  5 | 0  12  12  9  5  4 | 0  18  18  9  4  3 | 0  24  24  9  3  2 | 0  30  30  9  2  1 | 0  36  36  9  1  0

14   STO  1  0  0     15    42    48   1  1  0  0  0  0  0  0
Stack: 0  0  0  0  0  7 | 0  1  1  21  7  6 | 0  6  6  9  6  5 | 0  12  12  9  5  4 | 0  18  18  9  4  3 | 0  24  24  9  3  2 | 0  30  30  9  2  1 | 1  36  36  9  1  0

15   RTN  0  0  0     9     36    42   1  1  0  0  0  0  0  0
Stack: 0  0  0  0  0  7 | 0  1  1  21  7  6 | 0  6  6  9  6  5 | 0  12  12  9  5  4 | 0  18  18  9  4  3 | 0  24  24  9  3  2 | 0  30  30  9  2  1

9    LOD  0  0  4     10    36    42   2  1  0  0  0  0  0  0
Stack: 0  0  0  0  0  7 | 0  1  1  21  7  6 | 0  6  6  9  6  5 | 0  12  12  9  5  4 | 0  18  18  9  4  3 | 0  24  24  9  3  2 | 0  30  30  9  2  1

10   LOD  2  0  6     11    36    42   2  1  1  0  0  0  0  0
Stack: 0  0  0  0  0  7 | 0  1  1  21  7  6 | 0  6  6  9  6  5 | 0  12  12  9  5  4 | 0  18  18  9  4  3 | 0  24  24  9  3  2 | 0  30  30  9  2  1

11   MUL  0  0  2     12    36    42   2  1  1  0  0  0  0  0
Stack: 0  0  0  0  0  7 | 0  1  1  21  7  6 | 0  6  6  9  6  5 | 0  12  12  9  5  4 | 0  18  18  9  4  3 | 0  24  24  9  3  2 | 0  30  30  9  2  1

12   STO  0  0  0     13    36    42   2  1  1  0  0  0  0  0
Stack: 0  0  0  0  0  7 | 0  1  1  21  7  6 | 0  6  6  9  6  5 | 0  12  12  9  5  4 | 0  18  18  9  4  3 | 0  24  24  9  3  2 | 2  30  30  9  2  1

13   RTN  0  0  0     9     30    36   2  1  1  0  0  0  0  0
Stack: 0  0  0  0  0  7 | 0  1  1  21  7  6 | 0  6  6  9  6  5 | 0  12  12  9  5  4 | 0  18  18  9  4  3 | 0  24  24  9  3  2

9    LOD  0  0  4     10    30    36   3  1  1  0  0  0  0  0
Stack: 0  0  0  0  0  7 | 0  1  1  21  7  6 | 0  6  6  9  6  5 | 0  12  12  9  5  4 | 0  18  18  9  4  3 | 0  24  24  9  3  2

10   LOD  2  0  6     11    30    36   3  1  2  0  0  0  0  0
Stack: 0  0  0  0  0  7 | 0  1  1  21  7  6 | 0  6  6  9  6  5 | 0  12  12  9  5  4 | 0  18  18  9  4  3 | 0  24  24  9  3  2

11   MUL  0  0  2     12    30    36   6  1  2  0  0  0  0  0
Stack: 0  0  0  0  0  7 | 0  1  1  21  7  6 | 0  6  6  9  6  5 | 0  12  12  9  5  4 | 0  18  18  9  4  3 | 0  24  24  9  3  2

12   STO  0  0  0     13    30    36   6  1  2  0  0  0  0  0
Stack: 0  0  0  0  0  7 | 0  1  1  21  7  6 | 0  6  6  9  6  5 | 0  12  12  9  5  4 | 0  18  18  9  4  3 | 6  24  24  9  3  2

13   RTN  0  0  0     9     24    30   6  1  2  0  0  0  0  0
Stack: 0  0  0  0  0  7 | 0  1  1  21  7  6 | 0  6  6  9  6  5 | 0  12  12  9  5  4 | 0  18  18  9  4  3

9    LOD  0  0  4     10    24    30   4  1  2  0  0  0  0  0
Stack: 0  0  0  0  0  7 | 0  1  1  21  7  6 | 0  6  6  9  6  5 | 0  12  12  9  5  4 | 0  18  18  9  4  3

10   LOD  2  0  6     11    24    30   4  1  6  0  0  0  0  0
Stack: 0  0  0  0  0  7 | 0  1  1  21  7  6 | 0  6  6  9  6  5 | 0  12  12  9  5  4 | 0  18  18  9  4  3

11   MUL  0  0  2     12    24    30   24  1  6  0  0  0  0  0
Stack: 0  0  0  0  0  7 | 0  1  1  21  7  6 | 0  6  6  9  6  5 | 0  12  12  9  5  4 | 0  18  18  9  4  3

12   STO  0  0  0     13    24    30   24  1  6  0  0  0  0  0
Stack: 0  0  0  0  0  7 | 0  1  1  21  7  6 | 0  6  6  9  6  5 | 0  12  12  9  5  4 | 24  18  18  9  4  3

13   RTN  0  0  0     9     18    24   24  1  6  0  0  0  0  0
Stack: 0  0  0  0  0  7 | 0  1  1  21  7  6 | 0  6  6  9  6  5 | 0  12  12  9  5  4

9    LOD  0  0  4     10    18    24   5  1  6  0  0  0  0  0
Stack: 0  0  0  0  0  7 | 0  1  1  21  7  6 | 0  6  6  9  6  5 | 0  12  12  9  5  4

10   LOD  2  0  6     11    18    24   5  1  24  0  0  0  0  0
Stack: 0  0  0  0  0  7 | 0  1  1  21  7  6 | 0  6  6  9  6  5 | 0  12  12  9  5  4

11   MUL  0  0  2     12    18    24   120  1  24  0  0  0  0  0
Stack: 0  0  0  0  0  7 | 0  1  1  21  7  6 | 0  6  6  9  6  5 | 0  12  12  9  5  4

12   STO  0  0  0     13    18    24   120  1  24  0  0  0  0  0
Stack: 0  0  0  0  0  7 | 0  1  1  21  7  6 | 0  6  6  9  6  5 | 120  12  12  9  5  4

13   RTN  0  0  0     9     12    18   120  1  24  0  0  0  0  0
Stack: 0  0  0  0  0  7 | 0  1  1  21  7  6 | 0  6  6  9  6  5

9    LOD  0  0  4     10    12    18   6  1  24  0  0  0  0  0
Stack: 0  0  0  0  0  7 | 0  1  1  21  7  6 | 0  6  6  9  6  5

10   LOD  2  0  6     11    12    18   6  1  120  0  0  0  0  0
Stack: 0  0  0  0  0  7 | 0  1  1  21  7  6 | 0  6  6  9  6  5

11   MUL  0  0  2     12    12    18   720  1  120  0  0  0  0  0
Stack: 0  0  0  0  0  7 | 0  1  1  21  7  6 | 0  6  6  9  6  5

12   STO  0  0  0     13    12    18   720  1  120  0  0  0  0  0
Stack: 0  0  0  0  0  7 | 0  1  1  21  7  6 | 720  6  6  9  6  5

13   RTN  0  0  0     9     6     12   720  1  120  0  0  0  0  0
Stack: 0  0  0  0  0  7 | 0  1  1  21  7  6

9    LOD  0  0  4     10    6     12   7  1  120  0  0  0  0  0
Stack: 0  0  0  0  0  7 | 0  1  1  21  7  6

10   LOD  2  0  6     11    6     12   7  1  720  0  0  0  0  0
Stack: 0  0  0  0  0  7 | 0  1  1  21  7  6

11   MUL  0  0  2     12    6     12   5040  1  720  0  0  0  0  0
Stack: 0  0  0  0  0  7 | 0  1  1  21  7  6

12   STO  0  0  0     13    6     12   5040  1  720  0  0  0  0  0
Stack: 0  0  0  0  0  7 | 5040  1  1  21  7  6

13   RTN  0  0  0     21    1     6    5040  1  720  0  0  0  0  0
Stack: 0  0  0  0  0  7

21   LOD  0  0  6     22    1     6    5040  1  720  0  0  0  0  0
Stack: 0  0  0  0  0  7

22   STO  0  0  4     23    1     6    5040  1  720  0  0  0  0  0
Stack: 0  0  0  0  5040  7

23   SIO  0  0  1     24    1     6    5040  1  720  0  0  0  0  0
Stack: 0  0  0  0  5040  7

PM/0 VM: 5040

24   SIO  0  0  3     25    1     6    5040  1  720  0  0  0  0  0
Stack: 0  0  0  0  5040  7

