Line   OP   R  L  M
0      JMP  0  0  16 
1      INC  0  0  6  
2      LOD  0  1  5  
3      STO  0  0  4  
4      SUB  2  0  1  
5      GTR  3  0  1  
6      STO  2  0  5  
7      JPC  3  0  14 
8      CAL  0  0  1  
9      LOD  0  0  4  
10     LOD  2  0  6  
11     MUL  0  0  2  
12     STO  0  0  0  
13     RTN  0  0  0  
14     STO  1  0  0  
15     RTN  0  0  0  
16     INC  0  0  6  
17     SIO  0  0  0  
18     LIT  1  0  1  
19     STO  0  0  5  
20     CAL  0  0  1  
21     LOD  0  0  6  
22     STO  0  0  4  
23     SIO  0  0  1  
24     SIO  0  0  3  
                      PC   BP    SP    REGISTERS
Initial values        0     1     0    0  0  0  0  0  0  0  0
Stack: 

0    JMP  0  0  16    16    1     0    0  0  0  0  0  0  0  0
Stack: 

16   INC  0  0  6     17    1     6    0  0  0  0  0  0  0  0
Stack: 0  0  0  0  0  0

17   SIO  0  0  0     18    1     6    12  0  0  0  0  0  0  0
Stack: 0  0  0  0  0  0

18   LIT  1  0  1     19    1     6    12  1  0  0  0  0  0  0
Stack: 0  0  0  0  0  0

19   STO  0  0  5     20    1     6    12  1  0  0  0  0  0  0
Stack: 0  0  0  0  0  12

20   CAL  0  0  1     1     6     6    12  1  0  0  0  0  0  0
Stack: 0  0  0  0  0  12

1    INC  0  0  6     2     6     12   12  1  0  0  0  0  0  0
Stack: 0  0  0  0  0  12 | 0  1  1  21  0  0

2    LOD  0  1  5     3     6     12   12  1  0  0  0  0  0  0
Stack: 0  0  0  0  0  12 | 0  1  1  21  0  0

3    STO  0  0  4     4     6     12   12  1  0  0  0  0  0  0
Stack: 0  0  0  0  0  12 | 0  1  1  21  12  0

4    SUB  2  0  1     5     6     12   12  1  11  0  0  0  0  0
Stack: 0  0  0  0  0  12 | 0  1  1  21  12  0

5    GTR  3  0  1     6     6     12   12  1  11  1  0  0  0  0
Stack: 0  0  0  0  0  12 | 0  1  1  21  12  0

6    STO  2  0  5     7     6     12   12  1  11  1  0  0  0  0
Stack: 0  0  0  0  0  12 | 0  1  1  21  12  11

7    JPC  3  0  14    8     6     12   12  1  11  1  0  0  0  0
Stack: 0  0  0  0  0  12 | 0  1  1  21  12  11

8    CAL  0  0  1     1     12    12   12  1  11  1  0  0  0  0
Stack: 0  0  0  0  0  12 | 0  1  1  21  12  11

1    INC  0  0  6     2     12    18   12  1  11  1  0  0  0  0
Stack: 0  0  0  0  0  12 | 0  1  1  21  12  11 | 0  6  6  9  0  0

2    LOD  0  1  5     3     12    18   11  1  11  1  0  0  0  0
Stack: 0  0  0  0  0  12 | 0  1  1  21  12  11 | 0  6  6  9  0  0

3    STO  0  0  4     4     12    18   11  1  11  1  0  0  0  0
Stack: 0  0  0  0  0  12 | 0  1  1  21  12  11 | 0  6  6  9  11  0

4    SUB  2  0  1     5     12    18   11  1  10  1  0  0  0  0
Stack: 0  0  0  0  0  12 | 0  1  1  21  12  11 | 0  6  6  9  11  0

5    GTR  3  0  1     6     12    18   11  1  10  1  0  0  0  0
Stack: 0  0  0  0  0  12 | 0  1  1  21  12  11 | 0  6  6  9  11  0

6    STO  2  0  5     7     12    18   11  1  10  1  0  0  0  0
Stack: 0  0  0  0  0  12 | 0  1  1  21  12  11 | 0  6  6  9  11  10

7    JPC  3  0  14    8     12    18   11  1  10  1  0  0  0  0
Stack: 0  0  0  0  0  12 | 0  1  1  21  12  11 | 0  6  6  9  11  10

8    CAL  0  0  1     1     18    18   11  1  10  1  0  0  0  0
Stack: 0  0  0  0  0  12 | 0  1  1  21  12  11 | 0  6  6  9  11  10

1    INC  0  0  6     2     18    24   11  1  10  1  0  0  0  0
Stack: 0  0  0  0  0  12 | 0  1  1  21  12  11 | 0  6  6  9  11  10 | 0  12  12  9  0  0

2    LOD  0  1  5     3     18    24   10  1  10  1  0  0  0  0
Stack: 0  0  0  0  0  12 | 0  1  1  21  12  11 | 0  6  6  9  11  10 | 0  12  12  9  0  0

3    STO  0  0  4     4     18    24   10  1  10  1  0  0  0  0
Stack: 0  0  0  0  0  12 | 0  1  1  21  12  11 | 0  6  6  9  11  10 | 0  12  12  9  10  0

4    SUB  2  0  1     5     18    24   10  1  9  1  0  0  0  0
Stack: 0  0  0  0  0  12 | 0  1  1  21  12  11 | 0  6  6  9  11  10 | 0  12  12  9  10  0

5    GTR  3  0  1     6     18    24   10  1  9  1  0  0  0  0
Stack: 0  0  0  0  0  12 | 0  1  1  21  12  11 | 0  6  6  9  11  10 | 0  12  12  9  10  0

6    STO  2  0  5     7     18    24   10  1  9  1  0  0  0  0
Stack: 0  0  0  0  0  12 | 0  1  1  21  12  11 | 0  6  6  9  11  10 | 0  12  12  9  10  9

7    JPC  3  0  14    8     18    24   10  1  9  1  0  0  0  0
Stack: 0  0  0  0  0  12 | 0  1  1  21  12  11 | 0  6  6  9  11  10 | 0  12  12  9  10  9

8    CAL  0  0  1     1     24    24   10  1  9  1  0  0  0  0
Stack: 0  0  0  0  0  12 | 0  1  1  21  12  11 | 0  6  6  9  11  10 | 0  12  12  9  10  9

1    INC  0  0  6     2     24    30   10  1  9  1  0  0  0  0
Stack: 0  0  0  0  0  12 | 0  1  1  21  12  11 | 0  6  6  9  11  10 | 0  12  12  9  10  9 | 0  18  18  9  0  0

2    LOD  0  1  5     3     24    30   9  1  9  1  0  0  0  0
Stack: 0  0  0  0  0  12 | 0  1  1  21  12  11 | 0  6  6  9  11  10 | 0  12  12  9  10  9 | 0  18  18  9  0  0

3    STO  0  0  4     4     24    30   9  1  9  1  0  0  0  0
Stack: 0  0  0  0  0  12 | 0  1  1  21  12  11 | 0  6  6  9  11  10 | 0  12  12  9  10  9 | 0  18  18  9  9  0

4    SUB  2  0  1     5     24    30   9  1  8  1  0  0  0  0
Stack: 0  0  0  0  0  12 | 0  1  1  21  12  11 | 0  6  6  9  11  10 | 0  12  12  9  10  9 | 0  18  18  9  9  0

5    GTR  3  0  1     6     24    30   9  1  8  1  0  0  0  0
Stack: 0  0  0  0  0  12 | 0  1  1  21  12  11 | 0  6  6  9  11  10 | 0  12  12  9  10  9 | 0  18  18  9  9  0

6    STO  2  0  5     7     24    30   9  1  8  1  0  0  0  0
Stack: 0  0  0  0  0  12 | 0  1  1  21  12  11 | 0  6  6  9  11  10 | 0  12  12  9  10  9 | 0  18  18  9  9  8

7    JPC  3  0  14    8     24    30   9  1  8  1  0  0  0  0
Stack: 0  0  0  0  0  12 | 0  1  1  21  12  11 | 0  6  6  9  11  10 | 0  12  12  9  10  9 | 0  18  18  9  9  8

8    CAL  0  0  1     1     30    30   9  1  8  1  0  0  0  0
Stack: 0  0  0  0  0  12 | 0  1  1  21  12  11 | 0  6  6  9  11  10 | 0  12  12  9  10  9 | 0  18  18  9  9  8

1    INC  0  0  6     2     30    36   9  1  8  1  0  0  0  0
Stack: 0  0  0  0  0  12 | 0  1  1  21  12  11 | 0  6  6  9  11  10 | 0  12  12  9  10  9 | 0  18  18  9  9  8 | 0  24  24  9  0  0

2    LOD  0  1  5     3     30    36   8  1  8  1  0  0  0  0
Stack: 0  0  0  0  0  12 | 0  1  1  21  12  11 | 0  6  6  9  11  10 | 0  12  12  9  10  9 | 0  18  18  9  9  8 | 0  24  24  9  0  0

3    STO  0  0  4     4     30    36   8  1  8  1  0  0  0  0
Stack: 0  0  0  0  0  12 | 0  1  1  21  12  11 | 0  6  6  9  11  10 | 0  12  12  9  10  9 | 0  18  18  9  9  8 | 0  24  24  9  8  0

4    SUB  2  0  1     5     30    36   8  1  7  1  0  0  0  0
Stack: 0  0  0  0  0  12 | 0  1  1  21  12  11 | 0  6  6  9  11  10 | 0  12  12  9  10  9 | 0  18  18  9  9  8 | 0  24  24  9  8  0

5    GTR  3  0  1     6     30    36   8  1  7  1  0  0  0  0
Stack: 0  0  0  0  0  12 | 0  1  1  21  12  11 | 0  6  6  9  11  10 | 0  12  12  9  10  9 | 0  18  18  9  9  8 | 0  24  24  9  8  0

6    STO  2  0  5     7     30    36   8  1  7  1  0  0  0  0
Stack: 0  0  0  0  0  12 | 0  1  1  21  12  11 | 0  6  6  9  11  10 | 0  12  12  9  10  9 | 0  18  18  9  9  8 | 0  24  24  9  8  7

7    JPC  3  0  14    8     30    36   8  1  7  1  0  0  0  0
Stack: 0  0  0  0  0  12 | 0  1  1  21  12  11 | 0  6  6  9  11  10 | 0  12  12  9  10  9 | 0  18  18  9  9  8 | 0  24  24  9  8  7

8    CAL  0  0  1     1     36    36   8  1  7  1  0  0  0  0
Stack: 0  0  0  0  0  12 | 0  1  1  21  12  11 | 0  6  6  9  11  10 | 0  12  12  9  10  9 | 0  18  18  9  9  8 | 0  24  24  9  8  7

1    INC  0  0  6     2     36    42   8  1  7  1  0  0  0  0
Stack: 0  0  0  0  0  12 | 0  1  1  21  12  11 | 0  6  6  9  11  10 | 0  12  12  9  10  9 | 0  18  18  9  9  8 | 0  24  24  9  8  7 | 0  30  30  9  0  0

2    LOD  0  1  5     3     36    42   7  1  7  1  0  0  0  0
Stack: 0  0  0  0  0  12 | 0  1  1  21  12  11 | 0  6  6  9  11  10 | 0  12  12  9  10  9 | 0  18  18  9  9  8 | 0  24  24  9  8  7 | 0  30  30  9  0  0

3    STO  0  0  4     4     36    42   7  1  7  1  0  0  0  0
Stack: 0  0  0  0  0  12 | 0  1  1  21  12  11 | 0  6  6  9  11  10 | 0  12  12  9  10  9 | 0  18  18  9  9  8 | 0  24  24  9  8  7 | 0  30  30  9  7  0

4    SUB  2  0  1     5     36    42   7  1  6  1  0  0  0  0
Stack: 0  0  0  0  0  12 | 0  1  1  21  12  11 | 0  6  6  9  11  10 | 0  12  12  9  10  9 | 0  18  18  9  9  8 | 0  24  24  9  8  7 | 0  30  30  9  7  0

5    GTR  3  0  1     6     36    42   7  1  6  1  0  0  0  0
Stack: 0  0  0  0  0  12 | 0  1  1  21  12  11 | 0  6  6  9  11  10 | 0  12  12  9  10  9 | 0  18  18  9  9  8 | 0  24  24  9  8  7 | 0  30  30  9  7  0

6    STO  2  0  5     7     36    42   7  1  6  1  0  0  0  0
Stack: 0  0  0  0  0  12 | 0  1  1  21  12  11 | 0  6  6  9  11  10 | 0  12  12  9  10  9 | 0  18  18  9  9  8 | 0  24  24  9  8  7 | 0  30  30  9  7  6

7    JPC  3  0  14    8     36    42   7  1  6  1  0  0  0  0
Stack: 0  0  0  0  0  12 | 0  1  1  21  12  11 | 0  6  6  9  11  10 | 0  12  12  9  10  9 | 0  18  18  9  9  8 | 0  24  24  9  8  7 | 0  30  30  9  7  6

8    CAL  0  0  1     1     42    42   7  1  6  1  0  0  0  0
Stack: 0  0  0  0  0  12 | 0  1  1  21  12  11 | 0  6  6  9  11  10 | 0  12  12  9  10  9 | 0  18  18  9  9  8 | 0  24  24  9  8  7 | 0  30  30  9  7  6

1    INC  0  0  6     2     42    48   7  1  6  1  0  0  0  0
Stack: 0  0  0  0  0  12 | 0  1  1  21  12  11 | 0  6  6  9  11  10 | 0  12  12  9  10  9 | 0  18  18  9  9  8 | 0  24  24  9  8  7 | 0  30  30  9  7  6 | 0  36  36  9  0  0

2    LOD  0  1  5     3     42    48   6  1  6  1  0  0  0  0
Stack: 0  0  0  0  0  12 | 0  1  1  21  12  11 | 0  6  6  9  11  10 | 0  12  12  9  10  9 | 0  18  18  9  9  8 | 0  24  24  9  8  7 | 0  30  30  9  7  6 | 0  36  36  9  0  0

3    STO  0  0  4     4     42    48   6  1  6  1  0  0  0  0
Stack: 0  0  0  0  0  12 | 0  1  1  21  12  11 | 0  6  6  9  11  10 | 0  12  12  9  10  9 | 0  18  18  9  9  8 | 0  24  24  9  8  7 | 0  30  30  9  7  6 | 0  36  36  9  6  0

4    SUB  2  0  1     5     42    48   6  1  5  1  0  0  0  0
Stack: 0  0  0  0  0  12 | 0  1  1  21  12  11 | 0  6  6  9  11  10 | 0  12  12  9  10  9 | 0  18  18  9  9  8 | 0  24  24  9  8  7 | 0  30  30  9  7  6 | 0  36  36  9  6  0

5    GTR  3  0  1     6     42    48   6  1  5  1  0  0  0  0
Stack: 0  0  0  0  0  12 | 0  1  1  21  12  11 | 0  6  6  9  11  10 | 0  12  12  9  10  9 | 0  18  18  9  9  8 | 0  24  24  9  8  7 | 0  30  30  9  7  6 | 0  36  36  9  6  0

6    STO  2  0  5     7     42    48   6  1  5  1  0  0  0  0
Stack: 0  0  0  0  0  12 | 0  1  1  21  12  11 | 0  6  6  9  11  10 | 0  12  12  9  10  9 | 0  18  18  9  9  8 | 0  24  24  9  8  7 | 0  30  30  9  7  6 | 0  36  36  9  6  5

7    JPC  3  0  14    8     42    48   6  1  5  1  0  0  0  0
Stack: 0  0  0  0  0  12 | 0  1  1  21  12  11 | 0  6  6  9  11  10 | 0  12  12  9  10  9 | 0  18  18  9  9  8 | 0  24  24  9  8  7 | 0  30  30  9  7  6 | 0  36  36  9  6  5

8    CAL  0  0  1     1     48    48   6  1  5  1  0  0  0  0
Stack: 0  0  0  0  0  12 | 0  1  1  21  12  11 | 0  6  6  9  11  10 | 0  12  12  9  10  9 | 0  18  18  9  9  8 | 0  24  24  9  8  7 | 0  30  30  9  7  6 | 0  36  36  9  6  5

1    INC  0  0  6     2     48    54   6  1  5  1  0  0  0  0
Stack: 0  0  0  0  0  12 | 0  1  1  21  12  11 | 0  6  6  9  11  10 | 0  12  12  9  10  9 | 0  18  18  9  9  8 | 0  24  24  9  8  7 | 0  30  30  9  7  6 | 0  36  36  9  6  5 | 0  42  42  9  0  0

2    LOD  0  1  5     3     48    54   5  1  5  1  0  0  0  0
Stack: 0  0  0  0  0  12 | 0  1  1  21  12  11 | 0  6  6  9  11  10 | 0  12  12  9  10  9 | 0  18  18  9  9  8 | 0  24  24  9  8  7 | 0  30  30  9  7  6 | 0  36  36  9  6  5 | 0  42  42  9  0  0

3    STO  0  0  4     4     48    54   5  1  5  1  0  0  0  0
Stack: 0  0  0  0  0  12 | 0  1  1  21  12  11 | 0  6  6  9  11  10 | 0  12  12  9  10  9 | 0  18  18  9  9  8 | 0  24  24  9  8  7 | 0  30  30  9  7  6 | 0  36  36  9  6  5 | 0  42  42  9  5  0

4    SUB  2  0  1     5     48    54   5  1  4  1  0  0  0  0
Stack: 0  0  0  0  0  12 | 0  1  1  21  12  11 | 0  6  6  9  11  10 | 0  12  12  9  10  9 | 0  18  18  9  9  8 | 0  24  24  9  8  7 | 0  30  30  9  7  6 | 0  36  36  9  6  5 | 0  42  42  9  5  0

5    GTR  3  0  1     6     48    54   5  1  4  1  0  0  0  0
Stack: 0  0  0  0  0  12 | 0  1  1  21  12  11 | 0  6  6  9  11  10 | 0  12  12  9  10  9 | 0  18  18  9  9  8 | 0  24  24  9  8  7 | 0  30  30  9  7  6 | 0  36  36  9  6  5 | 0  42  42  9  5  0

6    STO  2  0  5     7     48    54   5  1  4  1  0  0  0  0
Stack: 0  0  0  0  0  12 | 0  1  1  21  12  11 | 0  6  6  9  11  10 | 0  12  12  9  10  9 | 0  18  18  9  9  8 | 0  24  24  9  8  7 | 0  30  30  9  7  6 | 0  36  36  9  6  5 | 0  42  42  9  5  4

7    JPC  3  0  14    8     48    54   5  1  4  1  0  0  0  0
Stack: 0  0  0  0  0  12 | 0  1  1  21  12  11 | 0  6  6  9  11  10 | 0  12  12  9  10  9 | 0  18  18  9  9  8 | 0  24  24  9  8  7 | 0  30  30  9  7  6 | 0  36  36  9  6  5 | 0  42  42  9  5  4

8    CAL  0  0  1     1     54    54   5  1  4  1  0  0  0  0
Stack: 0  0  0  0  0  12 | 0  1  1  21  12  11 | 0  6  6  9  11  10 | 0  12  12  9  10  9 | 0  18  18  9  9  8 | 0  24  24  9  8  7 | 0  30  30  9  7  6 | 0  36  36  9  6  5 | 0  42  42  9  5  4

1    INC  0  0  6     2     54    60   5  1  4  1  0  0  0  0
Stack: 0  0  0  0  0  12 | 0  1  1  21  12  11 | 0  6  6  9  11  10 | 0  12  12  9  10  9 | 0  18  18  9  9  8 | 0  24  24  9  8  7 | 0  30  30  9  7  6 | 0  36  36  9  6  5 | 0  42  42  9  5  4 | 0  48  48  9  0  0

2    LOD  0  1  5     3     54    60   4  1  4  1  0  0  0  0
Stack: 0  0  0  0  0  12 | 0  1  1  21  12  11 | 0  6  6  9  11  10 | 0  12  12  9  10  9 | 0  18  18  9  9  8 | 0  24  24  9  8  7 | 0  30  30  9  7  6 | 0  36  36  9  6  5 | 0  42  42  9  5  4 | 0  48  48  9  0  0

3    STO  0  0  4     4     54    60   4  1  4  1  0  0  0  0
Stack: 0  0  0  0  0  12 | 0  1  1  21  12  11 | 0  6  6  9  11  10 | 0  12  12  9  10  9 | 0  18  18  9  9  8 | 0  24  24  9  8  7 | 0  30  30  9  7  6 | 0  36  36  9  6  5 | 0  42  42  9  5  4 | 0  48  48  9  4  0

4    SUB  2  0  1     5     54    60   4  1  3  1  0  0  0  0
Stack: 0  0  0  0  0  12 | 0  1  1  21  12  11 | 0  6  6  9  11  10 | 0  12  12  9  10  9 | 0  18  18  9  9  8 | 0  24  24  9  8  7 | 0  30  30  9  7  6 | 0  36  36  9  6  5 | 0  42  42  9  5  4 | 0  48  48  9  4  0

5    GTR  3  0  1     6     54    60   4  1  3  1  0  0  0  0
Stack: 0  0  0  0  0  12 | 0  1  1  21  12  11 | 0  6  6  9  11  10 | 0  12  12  9  10  9 | 0  18  18  9  9  8 | 0  24  24  9  8  7 | 0  30  30  9  7  6 | 0  36  36  9  6  5 | 0  42  42  9  5  4 | 0  48  48  9  4  0

6    STO  2  0  5     7     54    60   4  1  3  1  0  0  0  0
Stack: 0  0  0  0  0  12 | 0  1  1  21  12  11 | 0  6  6  9  11  10 | 0  12  12  9  10  9 | 0  18  18  9  9  8 | 0  24  24  9  8  7 | 0  30  30  9  7  6 | 0  36  36  9  6  5 | 0  42  42  9  5  4 | 0  48  48  9  4  3

7    JPC  3  0  14    8     54    60   4  1  3  1  0  0  0  0
Stack: 0  0  0  0  0  12 | 0  1  1  21  12  11 | 0  6  6  9  11  10 | 0  12  12  9  10  9 | 0  18  18  9  9  8 | 0  24  24  9  8  7 | 0  30  30  9  7  6 | 0  36  36  9  6  5 | 0  42  42  9  5  4 | 0  48  48  9  4  3

8    CAL  0  0  1     1     60    60   4  1  3  1  0  0  0  0
Stack: 0  0  0  0  0  12 | 0  1  1  21  12  11 | 0  6  6  9  11  10 | 0  12  12  9  10  9 | 0  18  18  9  9  8 | 0  24  24  9  8  7 | 0  30  30  9  7  6 | 0  36  36  9  6  5 | 0  42  42  9  5  4 | 0  48  48  9  4  3

1    INC  0  0  6     2     60    66   4  1  3  1  0  0  0  0
Stack: 0  0  0  0  0  12 | 0  1  1  21  12  11 | 0  6  6  9  11  10 | 0  12  12  9  10  9 | 0  18  18  9  9  8 | 0  24  24  9  8  7 | 0  30  30  9  7  6 | 0  36  36  9  6  5 | 0  42  42  9  5  4 | 0  48  48  9  4  3 | 0  54  54  9  0  0

2    LOD  0  1  5     3     60    66   3  1  3  1  0  0  0  0
Stack: 0  0  0  0  0  12 | 0  1  1  21  12  11 | 0  6  6  9  11  10 | 0  12  12  9  10  9 | 0  18  18  9  9  8 | 0  24  24  9  8  7 | 0  30  30  9  7  6 | 0  36  36  9  6  5 | 0  42  42  9  5  4 | 0  48  48  9  4  3 | 0  54  54  9  0  0

3    STO  0  0  4     4     60    66   3  1  3  1  0  0  0  0
Stack: 0  0  0  0  0  12 | 0  1  1  21  12  11 | 0  6  6  9  11  10 | 0  12  12  9  10  9 | 0  18  18  9  9  8 | 0  24  24  9  8  7 | 0  30  30  9  7  6 | 0  36  36  9  6  5 | 0  42  42  9  5  4 | 0  48  48  9  4  3 | 0  54  54  9  3  0

4    SUB  2  0  1     5     60    66   3  1  2  1  0  0  0  0
Stack: 0  0  0  0  0  12 | 0  1  1  21  12  11 | 0  6  6  9  11  10 | 0  12  12  9  10  9 | 0  18  18  9  9  8 | 0  24  24  9  8  7 | 0  30  30  9  7  6 | 0  36  36  9  6  5 | 0  42  42  9  5  4 | 0  48  48  9  4  3 | 0  54  54  9  3  0

5    GTR  3  0  1     6     60    66   3  1  2  1  0  0  0  0
Stack: 0  0  0  0  0  12 | 0  1  1  21  12  11 | 0  6  6  9  11  10 | 0  12  12  9  10  9 | 0  18  18  9  9  8 | 0  24  24  9  8  7 | 0  30  30  9  7  6 | 0  36  36  9  6  5 | 0  42  42  9  5  4 | 0  48  48  9  4  3 | 0  54  54  9  3  0

6    STO  2  0  5     7     60    66   3  1  2  1  0  0  0  0
Stack: 0  0  0  0  0  12 | 0  1  1  21  12  11 | 0  6  6  9  11  10 | 0  12  12  9  10  9 | 0  18  18  9  9  8 | 0  24  24  9  8  7 | 0  30  30  9  7  6 | 0  36  36  9  6  5 | 0  42  42  9  5  4 | 0  48  48  9  4  3 | 0  54  54  9  3  2

7    JPC  3  0  14    8     60    66   3  1  2  1  0  0  0  0
Stack: 0  0  0  0  0  12 | 0  1  1  21  12  11 | 0  6  6  9  11  10 | 0  12  12  9  10  9 | 0  18  18  9  9  8 | 0  24  24  9  8  7 | 0  30  30  9  7  6 | 0  36  36  9  6  5 | 0  42  42  9  5  4 | 0  48  48  9  4  3 | 0  54  54  9  3  2

8    CAL  0  0  1     1     66    66   3  1  2  1  0  0  0  0
Stack: 0  0  0  0  0  12 | 0  1  1  21  12  11 | 0  6  6  9  11  10 | 0  12  12  9  10  9 | 0  18  18  9  9  8 | 0  24  24  9  8  7 | 0  30  30  9  7  6 | 0  36  36  9  6  5 | 0  42  42  9  5  4 | 0  48  48  9  4  3 | 0  54  54  9  3  2

1    INC  0  0  6     2     66    72   3  1  2  1  0  0  0  0
Stack: 0  0  0  0  0  12 | 0  1  1  21  12  11 | 0  6  6  9  11  10 | 0  12  12  9  10  9 | 0  18  18  9  9  8 | 0  24  24  9  8  7 | 0  30  30  9  7  6 | 0  36  36  9  6  5 | 0  42  42  9  5  4 | 0  48  48  9  4  3 | 0  54  54  9  3  2 | 0  60  60  9  0  0

2    LOD  0  1  5     3     66    72   2  1  2  1  0  0  0  0
Stack: 0  0  0  0  0  12 | 0  1  1  21  12  11 | 0  6  6  9  11  10 | 0  12  12  9  10  9 | 0  18  18  9  9  8 | 0  24  24  9  8  7 | 0  30  30  9  7  6 | 0  36  36  9  6  5 | 0  42  42  9  5  4 | 0  48  48  9  4  3 | 0  54  54  9  3  2 | 0  60  60  9  0  0

3    STO  0  0  4     4     66    72   2  1  2  1  0  0  0  0
Stack: 0  0  0  0  0  12 | 0  1  1  21  12  11 | 0  6  6  9  11  10 | 0  12  12  9  10  9 | 0  18  18  9  9  8 | 0  24  24  9  8  7 | 0  30  30  9  7  6 | 0  36  36  9  6  5 | 0  42  42  9  5  4 | 0  48  48  9  4  3 | 0  54  54  9  3  2 | 0  60  60  9  2  0

4    SUB  2  0  1     5     66    72   2  1  1  1  0  0  0  0
Stack: 0  0  0  0  0  12 | 0  1  1  21  12  11 | 0  6  6  9  11  10 | 0  12  12  9  10  9 | 0  18  18  9  9  8 | 0  24  24  9  8  7 | 0  30  30  9  7  6 | 0  36  36  9  6  5 | 0  42  42  9  5  4 | 0  48  48  9  4  3 | 0  54  54  9  3  2 | 0  60  60  9  2  0

5    GTR  3  0  1     6     66    72   2  1  1  1  0  0  0  0
Stack: 0  0  0  0  0  12 | 0  1  1  21  12  11 | 0  6  6  9  11  10 | 0  12  12  9  10  9 | 0  18  18  9  9  8 | 0  24  24  9  8  7 | 0  30  30  9  7  6 | 0  36  36  9  6  5 | 0  42  42  9  5  4 | 0  48  48  9  4  3 | 0  54  54  9  3  2 | 0  60  60  9  2  0

6    STO  2  0  5     7     66    72   2  1  1  1  0  0  0  0
Stack: 0  0  0  0  0  12 | 0  1  1  21  12  11 | 0  6  6  9  11  10 | 0  12  12  9  10  9 | 0  18  18  9  9  8 | 0  24  24  9  8  7 | 0  30  30  9  7  6 | 0  36  36  9  6  5 | 0  42  42  9  5  4 | 0  48  48  9  4  3 | 0  54  54  9  3  2 | 0  60  60  9  2  1

7    JPC  3  0  14    8     66    72   2  1  1  1  0  0  0  0
Stack: 0  0  0  0  0  12 | 0  1  1  21  12  11 | 0  6  6  9  11  10 | 0  12  12  9  10  9 | 0  18  18  9  9  8 | 0  24  24  9  8  7 | 0  30  30  9  7  6 | 0  36  36  9  6  5 | 0  42  42  9  5  4 | 0  48  48  9  4  3 | 0  54  54  9  3  2 | 0  60  60  9  2  1

8    CAL  0  0  1     1     72    72   2  1  1  1  0  0  0  0
Stack: 0  0  0  0  0  12 | 0  1  1  21  12  11 | 0  6  6  9  11  10 | 0  12  12  9  10  9 | 0  18  18  9  9  8 | 0  24  24  9  8  7 | 0  30  30  9  7  6 | 0  36  36  9  6  5 | 0  42  42  9  5  4 | 0  48  48  9  4  3 | 0  54  54  9  3  2 | 0  60  60  9  2  1

1    INC  0  0  6     2     72    78   2  1  1  1  0  0  0  0
Stack: 0  0  0  0  0  12 | 0  1  1  21  12  11 | 0  6  6  9  11  10 | 0  12  12  9  10  9 | 0  18  18  9  9  8 | 0  24  24  9  8  7 | 0  30  30  9  7  6 | 0  36  36  9  6  5 | 0  42  42  9  5  4 | 0  48  48  9  4  3 | 0  54  54  9  3  2 | 0  60  60  9  2  1 | 0  66  66  9  0  0

2    LOD  0  1  5     3     72    78   1  1  1  1  0  0  0  0
Stack: 0  0  0  0  0  12 | 0  1  1  21  12  11 | 0  6  6  9  11  10 | 0  12  12  9  10  9 | 0  18  18  9  9  8 | 0  24  24  9  8  7 | 0  30  30  9  7  6 | 0  36  36  9  6  5 | 0  42  42  9  5  4 | 0  48  48  9  4  3 | 0  54  54  9  3  2 | 0  60  60  9  2  1 | 0  66  66  9  0  0

3    STO  0  0  4     4     72    78   1  1  1  1  0  0  0  0
Stack: 0  0  0  0  0  12 | 0  1  1  21  12  11 | 0  6  6  9  11  10 | 0  12  12  9  10  9 | 0  18  18  9  9  8 | 0  24  24  9  8  7 | 0  30  30  9  7  6 | 0  36  36  9  6  5 | 0  42  42  9  5  4 | 0  48  48  9  4  3 | 0  54  54  9  3  2 | 0  60  60  9  2  1 | 0  66  66  9  1  0

4    SUB  2  0  1     5     72    78   1  1  0  1  0  0  0  0
Stack: 0  0  0  0  0  12 | 0  1  1  21  12  11 | 0  6  6  9  11  10 | 0  12  12  9  10  9 | 0  18  18  9  9  8 | 0  24  24  9  8  7 | 0  30  30  9  7  6 | 0  36  36  9  6  5 | 0  42  42  9  5  4 | 0  48  48  9  4  3 | 0  54  54  9  3  2 | 0  60  60  9  2  1 | 0  66  66  9  1  0

5    GTR  3  0  1     6     72    78   1  1  0  0  0  0  0  0
Stack: 0  0  0  0  0  12 | 0  1  1  21  12  11 | 0  6  6  9  11  10 | 0  12  12  9  10  9 | 0  18  18  9  9  8 | 0  24  24  9  8  7 | 0  30  30  9  7  6 | 0  36  36  9  6  5 | 0  42  42  9  5  4 | 0  48  48  9  4  3 | 0  54  54  9  3  2 | 0  60  60  9  2  1 | 0  66  66  9  1  0

6    STO  2  0  5     7     72    78   1  1  0  0  0  0  0  0
Stack: 0  0  0  0  0  12 | 0  1  1  21  12  11 | 0  6  6  9  11  10 | 0  12  12  9  10  9 | 0  18  18  9  9  8 | 0  24  24  9  8  7 | 0  30  30  9  7  6 | 0  36  36  9  6  5 | 0  42  42  9  5  4 | 0  48  48  9  4  3 | 0  54  54  9  3  2 | 0  60  60  9  2  1 | 0  66  66  9  1  0

7    JPC  3  0  14    14    72    78   1  1  0  0  0  0  0  0
Stack: 0  0  0  0  0  12 | 0  1  1  21  12  11 | 0  6  6  9  11  10 | 0  12  12  9  10  9 | 0  18  18  9  9  8 | 0  24  24  9  8  7 | 0  30  30  9  7  6 | 0  36  36  9  6  5 | 0  42  42  9  5  4 | 0  48  48  9  4  3 | 0  54  54  9  3  2 | 0  60  60  9  2  1 | 0  66  66  9  1  0

14   STO  1  0  0     15    72    78   1  1  0  0  0  0  0  0
Stack: 0  0  0  0  0  12 | 0  1  1  21  12  11 | 0  6  6  9  11  10 | 0  12  12  9  10  9 | 0  18  18  9  9  8 | 0  24  24  9  8  7 | 0  30  30  9  7  6 | 0  36  36  9  6  5 | 0  42  42  9  5  4 | 0  48  48  9  4  3 | 0  54  54  9  3  2 | 0  60  60  9  2  1 | 1  66  66  9  1  0

15   RTN  0  0  0     9     66    72   1  1  0  0  0  0  0  0
Stack: 0  0  0  0  0  12 | 0  1  1  21  12  11 | 0  6  6  9  11  10 | 0  12  12  9  10  9 | 0  18  18  9  9  8 | 0  24  24  9  8  7 | 0  30  30  9  7  6 | 0  36  36  9  6  5 | 0  42  42  9  5  4 | 0  48  48  9  4  3 | 0  54  54  9  3  2 | 0  60  60  9  2  1

9    LOD  0  0  4     10    66    72   2  1  0  0  0  0  0  0
Stack: 0  0  0  0  0  12 | 0  1  1  21  12  11 | 0  6  6  9  11  10 | 0  12  12  9  10  9 | 0  18  18  9  9  8 | 0  24  24  9  8  7 | 0  30  30  9  7  6 | 0  36  36  9  6  5 | 0  42  42  9  5  4 | 0  48  48  9  4  3 | 0  54  54  9  3  2 | 0  60  60  9  2  1

10   LOD  2  0  6     11    66    72   2  1  1  0  0  0  0  0
Stack: 0  0  0  0  0  12 | 0  1  1  21  12  11 | 0  6  6  9  11  10 | 0  12  12  9  10  9 | 0  18  18  9  9  8 | 0  24  24  9  8  7 | 0  30  30  9  7  6 | 0  36  36  9  6  5 | 0  42  42  9  5  4 | 0  48  48  9  4  3 | 0  54  54  9  3  2 | 0  60  60  9  2  1

11   MUL  0  0  2     12    66    72   2  1  1  0  0  0  0  0
Stack: 0  0  0  0  0  12 | 0  1  1  21  12  11 | 0  6  6  9  11  10 | 0  12  12  9  10  9 | 0  18  18  9  9  8 | 0  24  24  9  8  7 | 0  30  30  9  7  6 | 0  36  36  9  6  5 | 0  42  42  9  5  4 | 0  48  48  9  4  3 | 0  54  54  9  3  2 | 0  60  60  9  2  1

12   STO  0  0  0     13    66    72   2  1  1  0  0  0  0  0
Stack: 0  0  0  0  0  12 | 0  1  1  21  12  11 | 0  6  6  9  11  10 | 0  12  12  9  10  9 | 0  18  18  9  9  8 | 0  24  24  9  8  7 | 0  30  30  9  7  6 | 0  36  36  9  6  5 | 0  42  42  9  5  4 | 0  48  48  9  4  3 | 0  54  54  9  3  2 | 2  60  60  9  2  1

13   RTN  0  0  0     9     60    66   2  1  1  0  0  0  0  0
Stack: 0  0  0  0  0  12 | 0  1  1  21  12  11 | 0  6  6  9  11  10 | 0  12  12  9  10  9 | 0  18  18  9  9  8 | 0  24  24  9  8  7 | 0  30  30  9  7  6 | 0  36  36  9  6  5 | 0  42  42  9  5  4 | 0  48  48  9  4  3 | 0  54  54  9  3  2

9    LOD  0  0  4     10    60    66   3  1  1  0  0  0  0  0
Stack: 0  0  0  0  0  12 | 0  1  1  21  12  11 | 0  6  6  9  11  10 | 0  12  12  9  10  9 | 0  18  18  9  9  8 | 0  24  24  9  8  7 | 0  30  30  9  7  6 | 0  36  36  9  6  5 | 0  42  42  9  5  4 | 0  48  48  9  4  3 | 0  54  54  9  3  2

10   LOD  2  0  6     11    60    66   3  1  2  0  0  0  0  0
Stack: 0  0  0  0  0  12 | 0  1  1  21  12  11 | 0  6  6  9  11  10 | 0  12  12  9  10  9 | 0  18  18  9  9  8 | 0  24  24  9  8  7 | 0  30  30  9  7  6 | 0  36  36  9  6  5 | 0  42  42  9  5  4 | 0  48  48  9  4  3 | 0  54  54  9  3  2

11   MUL  0  0  2     12    60    66   6  1  2  0  0  0  0  0
Stack: 0  0  0  0  0  12 | 0  1  1  21  12  11 | 0  6  6  9  11  10 | 0  12  12  9  10  9 | 0  18  18  9  9  8 | 0  24  24  9  8  7 | 0  30  30  9  7  6 | 0  36  36  9  6  5 | 0  42  42  9  5  4 | 0  48  48  9  4  3 | 0  54  54  9  3  2

12   STO  0  0  0     13    60    66   6  1  2  0  0  0  0  0
Stack: 0  0  0  0  0  12 | 0  1  1  21  12  11 | 0  6  6  9  11  10 | 0  12  12  9  10  9 | 0  18  18  9  9  8 | 0  24  24  9  8  7 | 0  30  30  9  7  6 | 0  36  36  9  6  5 | 0  42  42  9  5  4 | 0  48  48  9  4  3 | 6  54  54  9  3  2

13   RTN  0  0  0     9     54    60   6  1  2  0  0  0  0  0
Stack: 0  0  0  0  0  12 | 0  1  1  21  12  11 | 0  6  6  9  11  10 | 0  12  12  9  10  9 | 0  18  18  9  9  8 | 0  24  24  9  8  7 | 0  30  30  9  7  6 | 0  36  36  9  6  5 | 0  42  42  9  5  4 | 0  48  48  9  4  3

9    LOD  0  0  4     10    54    60   4  1  2  0  0  0  0  0
Stack: 0  0  0  0  0  12 | 0  1  1  21  12  11 | 0  6  6  9  11  10 | 0  12  12  9  10  9 | 0  18  18  9  9  8 | 0  24  24  9  8  7 | 0  30  30  9  7  6 | 0  36  36  9  6  5 | 0  42  42  9  5  4 | 0  48  48  9  4  3

10   LOD  2  0  6     11    54    60   4  1  6  0  0  0  0  0
Stack: 0  0  0  0  0  12 | 0  1  1  21  12  11 | 0  6  6  9  11  10 | 0  12  12  9  10  9 | 0  18  18  9  9  8 | 0  24  24  9  8  7 | 0  30  30  9  7  6 | 0  36  36  9  6  5 | 0  42  42  9  5  4 | 0  48  48  9  4  3

11   MUL  0  0  2     12    54    60   24  1  6  0  0  0  0  0
Stack: 0  0  0  0  0  12 | 0  1  1  21  12  11 | 0  6  6  9  11  10 | 0  12  12  9  10  9 | 0  18  18  9  9  8 | 0  24  24  9  8  7 | 0  30  30  9  7  6 | 0  36  36  9  6  5 | 0  42  42  9  5  4 | 0  48  48  9  4  3

12   STO  0  0  0     13    54    60   24  1  6  0  0  0  0  0
Stack: 0  0  0  0  0  12 | 0  1  1  21  12  11 | 0  6  6  9  11  10 | 0  12  12  9  10  9 | 0  18  18  9  9  8 | 0  24  24  9  8  7 | 0  30  30  9  7  6 | 0  36  36  9  6  5 | 0  42  42  9  5  4 | 24  48  48  9  4  3

13   RTN  0  0  0     9     48    54   24  1  6  0  0  0  0  0
Stack: 0  0  0  0  0  12 | 0  1  1  21  12  11 | 0  6  6  9  11  10 | 0  12  12  9  10  9 | 0  18  18  9  9  8 | 0  24  24  9  8  7 | 0  30  30  9  7  6 | 0  36  36  9  6  5 | 0  42  42  9  5  4

9    LOD  0  0  4     10    48    54   5  1  6  0  0  0  0  0
Stack: 0  0  0  0  0  12 | 0  1  1  21  12  11 | 0  6  6  9  11  10 | 0  12  12  9  10  9 | 0  18  18  9  9  8 | 0  24  24  9  8  7 | 0  30  30  9  7  6 | 0  36  36  9  6  5 | 0  42  42  9  5  4

10   LOD  2  0  6     11    48    54   5  1  24  0  0  0  0  0
Stack: 0  0  0  0  0  12 | 0  1  1  21  12  11 | 0  6  6  9  11  10 | 0  12  12  9  10  9 | 0  18  18  9  9  8 | 0  24  24  9  8  7 | 0  30  30  9  7  6 | 0  36  36  9  6  5 | 0  42  42  9  5  4

11   MUL  0  0  2     12    48    54   120  1  24  0  0  0  0  0
Stack: 0  0  0  0  0  12 | 0  1  1  21  12  11 | 0  6  6  9  11  10 | 0  12  12  9  10  9 | 0  18  18  9  9  8 | 0  24  24  9  8  7 | 0  30  30  9  7  6 | 0  36  36  9  6  5 | 0  42  42  9  5  4

12   STO  0  0  0     13    48    54   120  1  24  0  0  0  0  0
Stack: 0  0  0  0  0  12 | 0  1  1  21  12  11 | 0  6  6  9  11  10 | 0  12  12  9  10  9 | 0  18  18  9  9  8 | 0  24  24  9  8  7 | 0  30  30  9  7  6 | 0  36  36  9  6  5 | 120  42  42  9  5  4

13   RTN  0  0  0     9     42    48   120  1  24  0  0  0  0  0
Stack: 0  0  0  0  0  12 | 0  1  1  21  12  11 | 0  6  6  9  11  10 | 0  12  12  9  10  9 | 0  18  18  9  9  8 | 0  24  24  9  8  7 | 0  30  30  9  7  6 | 0  36  36  9  6  5

9    LOD  0  0  4     10    42    48   6  1  24  0  0  0  0  0
Stack: 0  0  0  0  0  12 | 0  1  1  21  12  11 | 0  6  6  9  11  10 | 0  12  12  9  10  9 | 0  18  18  9  9  8 | 0  24  24  9  8  7 | 0  30  30  9  7  6 | 0  36  36  9  6  5

10   LOD  2  0  6     11    42    48   6  1  120  0  0  0  0  0
Stack: 0  0  0  0  0  12 | 0  1  1  21  12  11 | 0  6  6  9  11  10 | 0  12  12  9  10  9 | 0  18  18  9  9  8 | 0  24  24  9  8  7 | 0  30  30  9  7  6 | 0  36  36  9  6  5

11   MUL  0  0  2     12    42    48   720  1  120  0  0  0  0  0
Stack: 0  0  0  0  0  12 | 0  1  1  21  12  11 | 0  6  6  9  11  10 | 0  12  12  9  10  9 | 0  18  18  9  9  8 | 0  24  24  9  8  7 | 0  30  30  9  7  6 | 0  36  36  9  6  5

12   STO  0  0  0     13    42    48   720  1  120  0  0  0  0  0
Stack: 0  0  0  0  0  12 | 0  1  1  21  12  11 | 0  6  6  9  11  10 | 0  12  12  9  10  9 | 0  18  18  9  9  8 | 0  24  24  9  8  7 | 0  30  30  9  7  6 | 720  36  36  9  6  5

13   RTN  0  0  0     9     36    42   720  1  120  0  0  0  0  0
Stack: 0  0  0  0  0  12 | 0  1  1  21  12  11 | 0  6  6  9  11  10 | 0  12  12  9  10  9 | 0  18  18  9  9  8 | 0  24  24  9  8  7 | 0  30  30  9  7  6

9    LOD  0  0  4     10    36    42   7  1  120  0  0  0  0  0
Stack: 0  0  0  0  0  12 | 0  1  1  21  12  11 | 0  6  6  9  11  10 | 0  12  12  9  10  9 | 0  18  18  9  9  8 | 0  24  24  9  8  7 | 0  30  30  9  7  6

10   LOD  2  0  6     11    36    42   7  1  720  0  0  0  0  0
Stack: 0  0  0  0  0  12 | 0  1  1  21  12  11 | 0  6  6  9  11  10 | 0  12  12  9  10  9 | 0  18  18  9  9  8 | 0  24  24  9  8  7 | 0  30  30  9  7  6

11   MUL  0  0  2     12    36    42   5040  1  720  0  0  0  0  0
Stack: 0  0  0  0  0  12 | 0  1  1  21  12  11 | 0  6  6  9  11  10 | 0  12  12  9  10  9 | 0  18  18  9  9  8 | 0  24  24  9  8  7 | 0  30  30  9  7  6

12   STO  0  0  0     13    36    42   5040  1  720  0  0  0  0  0
Stack: 0  0  0  0  0  12 | 0  1  1  21  12  11 | 0  6  6  9  11  10 | 0  12  12  9  10  9 | 0  18  18  9  9  8 | 0  24  24  9  8  7 | 5040  30  30  9  7  6

13   RTN  0  0  0     9     30    36   5040  1  720  0  0  0  0  0
Stack: 0  0  0  0  0  12 | 0  1  1  21  12  11 | 0  6  6  9  11  10 | 0  12  12  9  10  9 | 0  18  18  9  9  8 | 0  24  24  9  8  7

9    LOD  0  0  4     10    30    36   8  1  720  0  0  0  0  0
Stack: 0  0  0  0  0  12 | 0  1  1  21  12  11 | 0  6  6  9  11  10 | 0  12  12  9  10  9 | 0  18  18  9  9  8 | 0  24  24  9  8  7

10   LOD  2  0  6     11    30    36   8  1  5040  0  0  0  0  0
Stack: 0  0  0  0  0  12 | 0  1  1  21  12  11 | 0  6  6  9  11  10 | 0  12  12  9  10  9 | 0  18  18  9  9  8 | 0  24  24  9  8  7

11   MUL  0  0  2     12    30    36   40320  1  5040  0  0  0  0  0
Stack: 0  0  0  0  0  12 | 0  1  1  21  12  11 | 0  6  6  9  11  10 | 0  12  12  9  10  9 | 0  18  18  9  9  8 | 0  24  24  9  8  7

12   STO  0  0  0     13    30    36   40320  1  5040  0  0  0  0  0
Stack: 0  0  0  0  0  12 | 0  1  1  21  12  11 | 0  6  6  9  11  10 | 0  12  12  9  10  9 | 0  18  18  9  9  8 | 40320  24  24  9  8  7

13   RTN  0  0  0     9     24    30   40320  1  5040  0  0  0  0  0
Stack: 0  0  0  0  0  12 | 0  1  1  21  12  11 | 0  6  6  9  11  10 | 0  12  12  9  10  9 | 0  18  18  9  9  8

9    LOD  0  0  4     10    24    30   9  1  5040  0  0  0  0  0
Stack: 0  0  0  0  0  12 | 0  1  1  21  12  11 | 0  6  6  9  11  10 | 0  12  12  9  10  9 | 0  18  18  9  9  8

10   LOD  2  0  6     11    24    30   9  1  40320  0  0  0  0  0
Stack: 0  0  0  0  0  12 | 0  1  1  21  12  11 | 0  6  6  9  11  10 | 0  12  12  9  10  9 | 0  18  18  9  9  8

11   MUL  0  0  2     12    24    30   362880  1  40320  0  0  0  0  0
Stack: 0  0  0  0  0  12 | 0  1  1  21  12  11 | 0  6  6  9  11  10 | 0  12  12  9  10  9 | 0  18  18  9  9  8

12   STO  0  0  0     13    24    30   362880  1  40320  0  0  0  0  0
Stack: 0  0  0  0  0  12 | 0  1  1  21  12  11 | 0  6  6  9  11  10 | 0  12  12  9  10  9 | 362880  18  18  9  9  8

13   RTN  0  0  0     9     18    24   362880  1  40320  0  0  0  0  0
Stack: 0  0  0  0  0  12 | 0  1  1  21  12  11 | 0  6  6  9  11  10 | 0  12  12  9  10  9

9    LOD  0  0  4     10    18    24   10  1  40320  0  0  0  0  0
Stack: 0  0  0  0  0  12 | 0  1  1  21  12  11 | 0  6  6  9  11  10 | 0  12  12  9  10  9

10   LOD  2  0  6     11    18    24   10  1  362880  0  0  0  0  0
Stack: 0  0  0  0  0  12 | 0  1  1  21  12  11 | 0  6  6  9  11  10 | 0  12  12  9  10  9

11   MUL  0  0  2     12    18    24   3628800  1  362880  0  0  0  0  0
Stack: 0  0  0  0  0  12 | 0  1  1  21  12  11 | 0  6  6  9  11  10 | 0  12  12  9  10  9

12   STO  0  0  0     13    18    24   3628800  1  362880  0  0  0  0  0
Stack: 0  0  0  0  0  12 | 0  1  1  21  12  11 | 0  6  6  9  11  10 | 3628800  12  12  9  10  9

13   RTN  0  0  0     9     12    18   3628800  1  362880  0  0  0  0  0
Stack: 0  0  0  0  0  12 | 0  1  1  21  12  11 | 0  6  6  9  11  10

9    LOD  0  0  4     10    12    18   11  1  362880  0  0  0  0  0
Stack: 0  0  0  0  0  12 | 0  1  1  21  12  11 | 0  6  6  9  11  10

10   LOD  2  0  6     11    12    18   11  1  3628800  0  0  0  0  0
Stack: 0  0  0  0  0  12 | 0  1  1  21  12  11 | 0  6  6  9  11  10

11   MUL  0  0  2     12    12    18   39916800  1  3628800  0  0  0  0  0
Stack: 0  0  0  0  0  12 | 0  1  1  21  12  11 | 0  6  6  9  11  10

12   STO  0  0  0     13    12    18   39916800  1  3628800  0  0  0  0  0
Stack: 0  0  0  0  0  12 | 0  1  1  21  12  11 | 39916800  6  6  9  11  10

13   RTN  0  0  0     9     6     12   39916800  1  3628800  0  0  0  0  0
Stack: 0  0  0  0  0  12 | 0  1  1  21  12  11

9    LOD  0  0  4     10    6     12   12  1  3628800  0  0  0  0  0
Stack: 0  0  0  0  0  12 | 0  1  1  21  12  11

10   LOD  2  0  6     11    6     12   12  1  39916800  0  0  0  0  0
Stack: 0  0  0  0  0  12 | 0  1  1  21  12  11

11   MUL  0  0  2     12    6     12   479001600  1  39916800  0  0  0  0  0
Stack: 0  0  0  0  0  12 | 0  1  1  21  12  11

12   STO  0  0  0     13    6     12   479001600  1  39916800  0  0  0  0  0
Stack: 0  0  0  0  0  12 | 479001600  1  1  21  12  11

13   RTN  0  0  0     21    1     6    479001600  1  39916800  0  0  0  0  0
Stack: 0  0  0  0  0  12

21   LOD  0  0  6     22    1     6    479001600  1  39916800  0  0  0  0  0
Stack: 0  0  0  0  0  12

22   STO  0  0  4     23    1     6    479001600  1  39916800  0  0  0  0  0
Stack: 0  0  0  0  479001600  12

23   SIO  0  0  1     24    1     6    479001600  1  39916800  0  0  0  0  0
Stack: 0  0  0  0  479001600  12

PM/0 VM: 479001600

24   SIO  0  0  3     25    1     6    479001600  1  39916800  0  0  0  0  0
Stack: 0  0  0  0  479001600  12

